97
STPN.0321.00001 0.00000000 0.12564379 0.02867687 0.20604802 0.02098175 0.11351219 0.00125712 0.12169844 0.11678191 0.11284703 0.10980931 0.10874458 0.10587522 0.12136985 0.10621654 0.12531496 0.11195138 0.11179063 0.11400076 0.12388675 0.11478082 0.10976737 0.12121391 0.10564015 0.11786546 0.12889416 0.11927835 0.11350205 0.10540640 0.10365965 0.11919000 0.11390889 0.13451670 0.11393523 0.10595368 0.11285462 0.11900111 0.12599452 0.17612676 0.09534663 0.22184592 0.17575873 0.11127250 0.11397680 0.10926727 0.11351581 0.08115498 0.10910651 0.10620363 0.02089674 0.00788126 0.00094812 0.02096926 0.10533419 0.11043111 0.11241530 0.13047196 0.12680140 0.11604950 0.10566158 0.03498820 0.08128642 0.11981435 0.11244499 0.12672704 0.11295384 0.11864313 0.10742983 0.09586626 0.11539959 0.11499578 0.10623943 0.11570317 0.10587522 0.13338903 0.16063400 0.10520398 0.08916846 0.10523713 0.11187946 0.12170077 0.12498983 0.10605923 0.10337755 0.11422554 0.11314293 0.11126809 0.11380908 0.11581660 0.11405038 0.12959955 0.11423873 0.14169396 0.10354522 0.11193409 0.10752173 0.11275780 
STPN.0321.00002 0.12564379 0.00000000 0.11914942 0.22960194 0.12371412 0.12290890 0.12612692 0.11634180 0.12607684 0.12817792 0.12821756 0.12014305 0.11643995 0.12883134 0.11680345 0.12017105 0.11875833 0.12831579 0.13236579 0.09573841 0.12700411 0.12251327 0.12394823 0.12149832 0.09231144 0.13296685 0.12096737 0.11969395 0.12573772 0.12017433 0.12096692 0.12472271 0.12112457 0.12474594 0.11651958 0.13065812 0.12078793 0.13370045 0.19919385 0.12723943 0.20336558 0.19829179 0.11592289 0.12162680 0.11956873 0.12278851 0.11328655 0.12188121 0.11679038 0.12356897 0.13250155 0.12650859 0.12378848 0.12060547 0.12278615 0.11689406 0.14496452 0.12961522 0.11303140 0.11830955 0.12224210 0.11495037 0.11487523 0.11935827 0.13983429 0.11688109 0.12484559 0.12220889 0.11595181 0.12761330 0.12717025 0.11682639 0.11300357 0.11643995 0.11785053 0.12467817 0.11831301 0.12535260 0.12555022 0.11948638 0.13474052 0.11986157 0.11919502 0.11896349 0.12516269 0.12777785 0.12061279 0.11884920 0.12645866 0.12494168 0.13833163 0.12153429 0.12980190 0.11988300 0.11924549 0.11904410 0.12715017 
STPN.0321.00003 0.02867687 0.11914942 0.00000000 0.20944349 0.01388589 0.11681641 0.02928379 0.11806388 0.12019141 0.11385867 0.11379913 0.10968658 0.10862955 0.12210971 0.10896402 0.12183425 0.11308028 0.11335709 0.11572912 0.12779377 0.11744367 0.11052501 0.11997974 0.10851693 0.12174323 0.12771202 0.12081662 0.11610840 0.10699826 0.10574647 0.12072701 0.11507720 0.12985357 0.11510323 0.10870842 0.11176335 0.12053531 0.12672501 0.17291450 0.08977203 0.21757872 0.17251796 0.11058744 0.11859587 0.10900369 0.11153835 0.07604822 0.10818538 0.10895106 0.01380869 0.03600129 0.02940001 0.01386782 0.10552422 0.11545240 0.11239774 0.13615010 0.12390522 0.11729028 0.10447085 0.03222363 0.07605293 0.12301542 0.11699316 0.12432847 0.10725202 0.11877952 0.10838434 0.10084848 0.11807991 0.11769450 0.10898696 0.11307740 0.10862955 0.13153245 0.16153586 0.10516499 0.08596551 0.10681586 0.11562810 0.12090954 0.12154916 0.10503193 0.10468137 0.11539571 0.11483990 0.11426209 0.11416067 0.11699695 0.11521999 0.13312450 0.11712685 0.13875920 0.10563115 0.11513922 0.10832447 0.11579078 
STPN.0321.00004 0.20604802 0.22960194 0.20944349 0.00000000 0.20849721 0.21830597 0.20611701 0.22817727 0.21017944 0.20304571 0.21152200 0.20261611 0.20953967 0.22245517 0.20992376 0.23301832 0.20700521 0.20847433 0.21295526 0.22050134 0.20321616 0.20501656 0.21689869 0.20539922 0.21356063 0.22156694 0.21965880 0.21889467 0.20809226 0.21507525 0.21948185 0.21070205 0.23688389 0.21069871 0.20963203 0.21030563 0.21910867 0.22408301 0.29136035 0.22609003 0.31553370 0.29070026 0.21078319 0.20866090 0.20636442 0.21762121 0.20911435 0.21879702 0.20990895 0.20818083 0.21561303 0.20704662 0.20811376 0.20215753 0.22012824 0.21207230 0.22220203 0.22442148 0.21594755 0.19897521 0.20859845 0.20871856 0.22173492 0.20496592 0.23272246 0.22026636 0.21807358 0.20775357 0.21232803 0.20394827 0.20316936 0.20994748 0.21834704 0.20953967 0.23471098 0.25248671 0.20302046 0.21907401 0.20788047 0.21497111 0.22878861 0.23198780 0.21014574 0.21093202 0.21118526 0.21717583 0.21004009 0.20898506 0.21354577 0.21098251 0.22251418 0.20946154 0.24292699 0.21450631 0.21062170 0.20764563 0.21676361 
STPN.0321.00005 0.02098175 0.12371412 0.01388589 0.20849721 0.00000000 0.11527058 0.02174105 0.11908913 0.11900352 0.11326048 0.11283861 0.10709118 0.10535096 0.12130548 0.10569225 0.12288012 0.11204864 0.11134629 0.11388002 0.12488214 0.11485933 0.10829791 0.12059191 0.10691583 0.11887585 0.12450016 0.12394714 0.11509477 0.10637346 0.10479574 0.12385469 0.11411576 0.13243840 0.11414213 0.10542961 0.11026273 0.12365660 0.12662307 0.17556474 0.08986964 0.21845955 0.17513377 0.10809025 0.11579835 0.10853485 0.10941619 0.07541329 0.10701093 0.10567931 0.00009949 0.02816893 0.02169563 0.00017713 0.10434813 0.11203815 0.10956356 0.13299639 0.12402159 0.11599661 0.10325132 0.02397689 0.07480428 0.12057721 0.11423883 0.12751906 0.11151497 0.11538393 0.10534016 0.10179809 0.11552831 0.11515059 0.10571522 0.11284151 0.10535096 0.13125742 0.16056508 0.10378938 0.08423043 0.10619076 0.11337401 0.12250130 0.12256379 0.10356396 0.10314417 0.11443368 0.11434153 0.11257922 0.11277569 0.11603132 0.11425790 0.13148231 0.11592954 0.13965896 0.10468056 0.11226290 0.10524355 0.11349733 
STPN.0321.00006 0.11351219 0.12290890 0.11681641 0.21830597 0.11527058 0.00000000 0.11331299 0.13230724 0.11833547 0.12055668 0.04670608 0.11100976 0.11147406 0.12658233 0.11182966 0.13583488 0.10686420 0.11445435 0.12116355 0.11981060 0.11657071 0.11514245 0.11204897 0.10413341 0.11315175 0.13125272 0.12464979 0.03122112 0.05148604 0.11167202 0.12455634 0.10558040 0.13983837 0.10560929 0.11155371 0.11917670 0.12436910 0.12329736 0.19395291 0.12911550 0.22189300 0.19072707 0.11098403 0.11037960 0.11468429 0.11912782 0.10521941 0.11241366 0.11181657 0.11502884 0.12170420 0.11435046 0.11518962 0.11003980 0.11434931 0.11262051 0.13389809 0.12501722 0.11633017 0.10855841 0.11219712 0.10752388 0.12344490 0.10827356 0.13724990 0.11953334 0.12105178 0.10629992 0.10620561 0.11717749 0.11675091 0.11185275 0.11491236 0.11147406 0.13839866 0.16483406 0.10449840 0.11873723 0.05134131 0.11565470 0.13128802 0.13543692 0.10654932 0.04951504 0.10588856 0.11837502 0.08821474 0.10221979 0.10742363 0.10568834 0.12436277 0.09208286 0.14958526 0.11155370 0.11393079 0.10675133 0.10000402 
STPN.0321.00007 0.00125712 0.12612692 0.02928379 0.20611701 0.02174105 0.11331299 0.00000000 0.12171290 0.11651223 0.11280787 0.10968789 0.10891740 0.10573886 0.12144457 0.10607987 0.12532922 0.11196744 0.11159955 0.11356576 0.12418245 0.11464159 0.10959482 0.12122192 0.10525816 0.11815858 0.12886216 0.11946241 0.11360462 0.10528628 0.10383724 0.11937391 0.11381820 0.13455536 0.11384456 0.10581730 0.11275943 0.11918469 0.12590632 0.17575507 0.09536146 0.22224465 0.17527635 0.11147420 0.11430528 0.10938759 0.11307907 0.08094768 0.10897988 0.10606696 0.02165452 0.00888911 0.00194225 0.02172850 0.10564538 0.11047258 0.11261701 0.13064726 0.12671319 0.11588672 0.10565181 0.03577099 0.08107899 0.11993748 0.11277256 0.12691018 0.11287173 0.11912035 0.10768144 0.09588497 0.11526015 0.11485682 0.10610276 0.11598789 0.10573886 0.13373218 0.16099145 0.10509342 0.08959165 0.10511705 0.11217375 0.12188116 0.12500407 0.10609610 0.10329199 0.11413466 0.11329315 0.11123614 0.11381803 0.11572470 0.11395956 0.12939844 0.11420710 0.14204044 0.10372275 0.11200814 0.10751818 0.11272589 
STPN.0321.00008 0.12169844 0.11634180 0.11806388 0.22817727 0.11908913 0.13230724 0.12171290 0.00000000 0.12846011 0.12387566 0.12340387 0.12126388 0.11967181 0.12653349 0.12004252 0.00358846 0.12141931 0.12368307 0.12089587 0.12412487 0.12182849 0.12056518 0.12035128 0.11535019 0.11888073 0.13678881 0.12721289 0.12845084 0.12371309 0.12675235 0.12721241 0.11703412 0.02219068 0.11705950 0.11975188 0.12818662 0.12702182 0.12015021 0.18002849 0.10372383 0.12447229 0.17965464 0.11566330 0.12552289 0.11776996 0.12548968 0.11004693 0.12414216 0.12002939 0.11890518 0.12900107 0.12255913 0.11911704 0.12031575 0.12726961 0.11774382 0.14539397 0.12208777 0.11552322 0.11818008 0.11724477 0.11098467 0.11654271 0.12310829 0.14040225 0.13121470 0.12948221 0.11916023 0.12781670 0.12270493 0.12230540 0.12006549 0.12237452 0.11967181 0.03561215 0.15508387 0.11503015 0.12148552 0.12352619 0.12098841 0.13148066 0.00366717 0.12879879 0.12340459 0.11745552 0.13351479 0.13258503 0.11595155 0.11905400 0.11727820 0.14217860 0.13481292 0.04806596 0.12643304 0.11760189 0.11590057 0.13672506 
STPN.0321.00009 0.11678191 0.12607684 0.12019141 0.21017944 0.11900352 0.11833547 0.11651223 0.12846011 0.00000000 0.10426926 0.11528544 0.10212041 0.09866083 0.12138988 0.09897566 0.13160305 0.10076550 0.11389279 0.10971515 0.11330499 0.10401573 0.10535953 0.10680878 0.09706244 0.10675547 0.12205081 0.11731728 0.11660569 0.10985753 0.11517222 0.11723003 0.09406859 0.13522055 0.09410046 0.09873875 0.11078446 0.11705659 0.12632979 0.18719353 0.13276528 0.22054889 0.18596235 0.10093175 0.10474637 0.10119319 0.11439584 0.11005786 0.11609839 0.09896282 0.11880582 0.12545033 0.11762259 0.11876669 0.10353885 0.11568557 0.10297645 0.12148904 0.12718601 0.11291976 0.10061205 0.11748881 0.10999731 0.11355794 0.10482669 0.14195115 0.11500340 0.12042371 0.10069867 0.11118459 0.10388592 0.10346621 0.09899860 0.12311452 0.09866083 0.13226283 0.15388580 0.10282459 0.11709935 0.10967370 0.10982825 0.13571093 0.13162982 0.10422642 0.11483294 0.09437148 0.12173466 0.10794987 0.09688036 0.09579468 0.09421525 0.07475226 0.10840509 0.14254344 0.11505266 0.10434173 0.09836880 0.11438744 
STPN.0321.00010 0.11284703 0.12817792 0.11385867 0.20304571 0.11326048 0.12055668 0.11280787 0.12387566 0.10426926 0.00000000 0.11469523 0.09988779 0.09714669 0.11127341 0.09745657 0.12761498 0.09920795 0.10690042 0.11491277 0.10459957 0.03314319 0.10640438 0.11085294 0.09261101 0.09808988 0.11988028 0.11342667 0.11524595 0.11249881 0.11059507 0.11342626 0.10117981 0.13278514 0.10120968 0.09722399 0.10859331 0.11326079 0.11991248 0.18924576 0.11997303 0.21463296 0.19089923 0.10354155 0.10528320 0.10210379 0.10933006 0.09868548 0.11461581 0.09744384 0.11305002 0.12117820 0.11367896 0.11317916 0.10038320 0.11371379 0.10479492 0.12166735 0.11928990 0.11362485 0.08716359 0.10967560 0.09781529 0.11426726 0.10212294 0.13555944 0.11060602 0.11596140 0.09832295 0.09965478 0.03225614 0.03211032 0.09747938 0.12329220 0.09714669 0.12896152 0.15315626 0.10556520 0.11006294 0.11231523 0.10362017 0.13037431 0.12735011 0.09773793 0.11447639 0.10156671 0.11278022 0.11132284 0.10099413 0.10301634 0.10140789 0.11826609 0.11084833 0.13979797 0.11047790 0.09814918 0.10040771 0.10783484 
STPN.0321.00011 0.10980931 0.12821756 0.11379913 0.21152200 0.11283861 0.04670608 0.10968789 0.12340387 0.11528544 0.11469523 0.00000000 0.10719346 0.10550285 0.12208796 0.10584475 0.12683828 0.10786079 0.10515533 0.11010674 0.11546524 0.11310724 0.11020902 0.11176316 0.10222000 0.10980080 0.12154959 0.11800014 0.06769364 0.02103044 0.11300206 0.11799970 0.10465899 0.13465549 0.10467479 0.10558158 0.11121484 0.11782485 0.11945170 0.18890774 0.12539350 0.21782814 0.18811024 0.10530100 0.11053533 0.10419642 0.11318120 0.10720218 0.10796621 0.10583180 0.11260230 0.11673993 0.11063889 0.11281196 0.09652802 0.11625053 0.10764798 0.12182747 0.12061928 0.10299399 0.10706766 0.10996815 0.10801067 0.11496856 0.10804214 0.13909948 0.12254956 0.11664352 0.10404849 0.10966003 0.11381555 0.11341459 0.10586774 0.12149151 0.10550285 0.13308982 0.15684416 0.09495288 0.12188908 0.02086960 0.10950247 0.13271045 0.12661204 0.11491221 0.04987246 0.10502919 0.12087931 0.09972562 0.10201478 0.10654066 0.10486902 0.12158185 0.10211088 0.14283914 0.11288336 0.10889295 0.10502901 0.10636551 
STPN.0321.00012 0.10874458 0.12014305 0.10968658 0.20261611 0.10709118 0.11100976 0.10891740 0.12126388 0.10212041 0.09988779 0.10719346 0.00000000 0.08846655 0.10049937 0.08877078 0.12481884 0.09345996 0.10195977 0.10585372 0.10143242 0.09793209 0.10094025 0.09754183 0.09746143 0.09626526 0.11608336 0.11065249 0.11044668 0.10321490 0.10582102 0.11057116 0.09487875 0.12919238 0.09491028 0.08854283 0.09989995 0.11041081 0.10876763 0.18370072 0.11440604 0.21016349 0.18235038 0.09955180 0.09628909 0.09915345 0.10519642 0.09546624 0.10869753 0.08875819 0.10691057 0.11645679 0.10958460 0.10696979 0.09068491 0.10807200 0.10161038 0.11815253 0.11097611 0.10263585 0.08684317 0.10447847 0.09601871 0.10529927 0.09482561 0.12752746 0.10303628 0.11114345 0.10071560 0.10114835 0.09858164 0.09824663 0.08880802 0.11340104 0.08846655 0.12583832 0.14402395 0.09888867 0.10458619 0.10304642 0.10370497 0.12245302 0.12474490 0.09974441 0.10339140 0.09521954 0.11215435 0.10348754 0.08954954 0.09660397 0.09505113 0.11859040 0.10645566 0.13528963 0.10572914 0.08863754 0.08195712 0.11137020 
STPN.0321.00013 0.10587522 0.11643995 0.10862955 0.20953967 0.10535096 0.11147406 0.10573886 0.11967181 0.09866083 0.09714669 0.10550285 0.08846655 0.00000000 0.09894001 0.00047397 0.12329489 0.08805492 0.10144878 0.10628125 0.09678229 0.09504651 0.09815146 0.10130097 0.08888557 0.08940162 0.11610985 0.11302008 0.11403465 0.10188092 0.10285808 0.11301967 0.09744662 0.12884963 0.09747742 0.00006601 0.10060465 0.11285508 0.11501823 0.18744056 0.11966569 0.20731826 0.18442163 0.10237723 0.10012270 0.09692840 0.09204588 0.10209757 0.11032365 0.00046294 0.10512929 0.11457623 0.10668304 0.10532031 0.08837599 0.10782857 0.10320669 0.11886440 0.11584576 0.10048269 0.08348123 0.10480358 0.10378337 0.10530602 0.09801030 0.13022722 0.09893218 0.10668534 0.09341312 0.09779734 0.09605794 0.09573144 0.00050705 0.10664844 0.00000010 0.12486470 0.14504865 0.09851371 0.10731436 0.10170043 0.10154138 0.12473900 0.12308147 0.09881137 0.10644910 0.09784903 0.11107591 0.10468302 0.09202698 0.09930506 0.09765415 0.11371920 0.10689222 0.13559824 0.10274416 0.08475721 0.08208559 0.11174575 
STPN.0321.00014 0.12136985 0.12883134 0.12210971 0.22245517 0.12130548 0.12658233 0.12144457 0.12653349 0.12138988 0.11127341 0.12208796 0.10049937 0.09894001 0.00000000 0.09923968 0.13038880 0.10308761 0.11493827 0.12055469 0.11618624 0.11033582 0.11304326 0.11073721 0.10897617 0.11019368 0.12781176 0.11719351 0.12412700 0.11677220 0.12539170 0.11710731 0.11005045 0.13497285 0.11007778 0.09901730 0.12102718 0.11694891 0.12217260 0.19691012 0.12797683 0.21704236 0.19777742 0.10993528 0.10956931 0.11584279 0.11696215 0.11413571 0.12725053 0.09922695 0.12105467 0.12958452 0.12219962 0.12126569 0.10738285 0.12131180 0.11389554 0.13243936 0.12275094 0.11964838 0.10164037 0.12182407 0.11440199 0.12301499 0.10741409 0.14556436 0.11476780 0.12555610 0.11441857 0.12036741 0.10994527 0.10957455 0.09926243 0.12151562 0.09894001 0.13182864 0.16026627 0.11618299 0.12392802 0.11658783 0.11320544 0.14022208 0.12992263 0.11201634 0.11618719 0.11036152 0.13031672 0.12287446 0.10492460 0.11190193 0.11021336 0.13292003 0.12364834 0.14217261 0.12507601 0.03389000 0.09895942 0.12741640 
STPN.0321.00015 0.10621654 0.11680345 0.10896402 0.20992376 0.10569225 0.11182966 0.10607987 0.12004252 0.09897566 0.09745657 0.10584475 0.08877078 0.00047397 0.09923968 0.00000000 0.12367494 0.08834482 0.10177926 0.10661008 0.09709011 0.09535163 0.09848756 0.10161972 0.08918968 0.08969416 0.11646104 0.11334868 0.11439424 0.10221456 0.10319353 0.11334826 0.09775821 0.12924161 0.09778898 0.00054013 0.10092059 0.11318282 0.11536629 0.18798961 0.12004979 0.20789348 0.18495720 0.10268614 0.10043767 0.09723742 0.09235712 0.10241736 0.11067339 0.00007713 0.10546961 0.11493670 0.10702615 0.10566164 0.08867855 0.10817268 0.10350437 0.11923196 0.11620813 0.10081217 0.08376190 0.10514538 0.10410680 0.10563238 0.09832077 0.13061038 0.09924461 0.10702750 0.09368971 0.09810758 0.09636527 0.09603728 0.00007713 0.10696541 0.00047397 0.12524673 0.14546459 0.09883973 0.10764668 0.10203370 0.10186351 0.12510957 0.12346001 0.09911212 0.10679202 0.09816197 0.11140075 0.10502066 0.09232556 0.09962275 0.09796664 0.11405403 0.10723537 0.13600372 0.10307929 0.08505267 0.08237553 0.11210014 
STPN.0321.00016 0.12531496 0.12017105 0.12183425 0.23301832 0.12288012 0.13583488 0.12532922 0.00358846 0.13160305 0.12761498 0.12683828 0.12481884 0.12329489 0.13038880 0.12367494 0.00000000 0.12514536 0.12705105 0.12483379 0.12798628 0.12563680 0.12352439 0.12417019 0.11899394 0.12269676 0.14072349 0.13093750 0.13166824 0.12714599 0.13045980 0.13093700 0.12049450 0.01887959 0.12051892 0.12337571 0.13192824 0.13073881 0.12348645 0.18386302 0.10740865 0.12105255 0.18344270 0.11934393 0.12904217 0.12137539 0.12921674 0.11379524 0.12812534 0.12366170 0.12269024 0.13269026 0.12618445 0.12290946 0.12361391 0.13130840 0.12150829 0.14949271 0.12543389 0.11935790 0.12195334 0.12077985 0.11474168 0.12014590 0.12660542 0.14427509 0.13512578 0.13337635 0.12271498 0.13112080 0.12652443 0.12611083 0.12369802 0.12604376 0.12329489 0.03228422 0.15914205 0.11825930 0.12500264 0.12695745 0.12449583 0.13550400 0.00039799 0.13258118 0.12680504 0.12092427 0.13752213 0.13613752 0.11972003 0.12255209 0.12074536 0.14552765 0.13838111 0.04473947 0.13013148 0.12107715 0.11947271 0.14033279 
STPN.0321.00017 0.11195138 0.11875833 0.11308028 0.20700521 0.11204864 0.10686420 0.11196744 0.12141931 0.10076550 0.09920795 0.10786079 0.09345996 0.08805492 0.10308761 0.08834482 0.12514536 0.00000000 0.10319552 0.10093575 0.10297152 0.10154047 0.10486710 0.10477061 0.09511994 0.09692139 0.11691752 0.10675913 0.10215984 0.10563229 0.10785589 0.10675875 0.09698844 0.12807678 0.09701944 0.08813092 0.10009425 0.10660547 0.10341726 0.18085687 0.11470532 0.21224615 0.17933999 0.09537463 0.09926552 0.09953831 0.10100370 0.10302032 0.11300523 0.08833228 0.11181501 0.12007821 0.11277952 0.11196784 0.09476438 0.11093175 0.09583547 0.11956565 0.10104455 0.10735223 0.08867657 0.11030645 0.10322552 0.10513732 0.09813587 0.12929251 0.10622144 0.11317557 0.09569426 0.10218703 0.10113562 0.10080701 0.08836750 0.11515646 0.08805492 0.12739619 0.14754824 0.10052901 0.10735557 0.10547659 0.10598346 0.12492719 0.12487159 0.10281252 0.10597864 0.09737815 0.11214311 0.10589260 0.09506987 0.09880795 0.09718305 0.11597980 0.10809351 0.13809707 0.10774002 0.08913406 0.09248016 0.11072674 
STPN.0321.00018 0.11179063 0.12831579 0.11335709 0.20847433 0.11134629 0.11445435 0.11159955 0.12368307 0.11389279 0.10690042 0.10515533 0.10195977 0.10144878 0.11493827 0.10177926 0.12705105 0.10319552 0.00000000 0.10790177 0.11304250 0.10390296 0.09844587 0.11126886 0.09356012 0.10759151 0.11804822 0.11629331 0.11080978 0.10170450 0.08875895 0.11620774 0.10310315 0.13394205 0.10313240 0.10152638 0.07790147 0.11603782 0.11984408 0.18659233 0.11944506 0.21809863 0.18447655 0.10429645 0.09697461 0.08942896 0.10865344 0.10293796 0.10832977 0.10176648 0.11111457 0.12031040 0.11261658 0.11123923 0.09316755 0.10973746 0.10525526 0.12069970 0.11982844 0.09694071 0.10101824 0.10916966 0.10414873 0.10920951 0.09615262 0.11388354 0.11938877 0.11010061 0.09503057 0.10972656 0.10392777 0.10357740 0.10180203 0.12144485 0.10144878 0.13203996 0.15517859 0.09754096 0.11595884 0.10152437 0.10466726 0.11057591 0.12684065 0.10777738 0.10438376 0.10341711 0.09656929 0.11550407 0.10189345 0.10492990 0.10325865 0.12120357 0.11650397 0.14217425 0.08866984 0.10198556 0.09750811 0.11184056 
STPN.0321.00019 0.11400076 0.13236579 0.11572912 0.21295526 0.11388002 0.12116355 0.11356576 0.12089587 0.10971515 0.11491277 0.11010674 0.10585372 0.10628125 0.12055469 0.10661008 0.12483379 0.10093575 0.10790177 0.00000000 0.12080957 0.11195147 0.10652447 0.11786003 0.10536431 0.11565163 0.12451458 0.12017310 0.12188335 0.10552492 0.11285515 0.12017266 0.10982530 0.13515283 0.10985281 0.10635973 0.10679561 0.11999497 0.12252346 0.08980810 0.10794576 0.22244123 0.08111914 0.10634148 0.11095531 0.10416266 0.11064769 0.10525401 0.11180735 0.10659717 0.11364226 0.12064543 0.11482188 0.11375934 0.10049891 0.11442897 0.10706567 0.12525643 0.12358649 0.11143340 0.10339257 0.11447847 0.10520963 0.11999763 0.10988245 0.13443004 0.11359505 0.11733700 0.10934135 0.11276330 0.11153009 0.11116598 0.10663297 0.12128788 0.10628125 0.13424804 0.15534648 0.10010746 0.11474651 0.10534300 0.11797336 0.12155493 0.12453619 0.11116276 0.11235135 0.11023178 0.11895537 0.10293607 0.10858145 0.11176549 0.11006992 0.12494164 0.10440172 0.14466034 0.11257775 0.10864412 0.10925898 0.11145880 
STPN.0321.00020 0.12388675 0.09573841 0.12779377 0.22050134 0.12488214 0.11981060 0.12418245 0.12412487 0.11330499 0.10459957 0.11546524 0.10143242 0.09678229 0.11618624 0.09709011 0.12798628 0.10297152 0.11304250 0.12080957 0.00000000 0.10766482 0.11691486 0.11464123 0.10594481 0.00801833 0.12665150 0.11729030 0.11566137 0.11390659 0.11583897 0.11720402 0.11064242 0.13106210 0.11066958 0.09685931 0.11226222 0.11703250 0.11832483 0.19976712 0.13169283 0.20799863 0.19762524 0.10378784 0.11072548 0.11197770 0.10842851 0.11295106 0.12251176 0.09707742 0.12467763 0.13203898 0.12473226 0.12485642 0.11091757 0.11781466 0.10443684 0.13064591 0.11736282 0.11147060 0.10498548 0.12310542 0.11454393 0.11316466 0.10750012 0.13947751 0.11500618 0.12099143 0.10740740 0.11330668 0.10826740 0.10787708 0.09711284 0.11840520 0.09678229 0.12705975 0.11946605 0.10940739 0.12145549 0.11376194 0.11503215 0.13283695 0.12769223 0.11357569 0.11977555 0.11098056 0.12093016 0.12078911 0.10476664 0.11218117 0.11079271 0.11943960 0.12088406 0.13880234 0.11553089 0.10860579 0.10638526 0.11965508 
STPN.0321.00021 0.11478082 0.12700411 0.11744367 0.20321616 0.11485933 0.11657071 0.11464159 0.12182849 0.10401573 0.03314319 0.11310724 0.09793209 0.09504651 0.11033582 0.09535163 0.12563680 0.10154047 0.10390296 0.11195147 0.10766482 0.00000000 0.10174447 0.10950012 0.08650665 0.10110935 0.11891407 0.11592699 0.11426768 0.10848723 0.10089769 0.11584159 0.10356889 0.13074837 0.10359807 0.09512346 0.09687156 0.11567209 0.11563639 0.18648460 0.12151025 0.21240868 0.18784663 0.10493025 0.10594758 0.09488640 0.10821830 0.10031364 0.10988553 0.09533895 0.11470778 0.12313569 0.11561380 0.11479179 0.09558790 0.11163971 0.10608313 0.11649641 0.11497543 0.11192006 0.09398203 0.11047192 0.10051167 0.11196650 0.10280995 0.12434833 0.11142952 0.11019815 0.09723974 0.10088590 0.00109138 0.00103347 0.09537440 0.11895324 0.09504651 0.12597607 0.15332808 0.10466660 0.11087735 0.10830487 0.10376956 0.12210649 0.12528559 0.10019361 0.11223564 0.10388465 0.10391523 0.10991038 0.09966797 0.10537784 0.10372517 0.11622549 0.11002360 0.13677837 0.10078445 0.09774454 0.09602837 0.11050837 
STPN.0321.00022 0.10976737 0.12251327 0.11052501 0.20501656 0.10829791 0.11514245 0.10959482 0.12056518 0.10535953 0.10640438 0.11020902 0.10094025 0.09815146 0.11304326 0.09848756 0.12352439 0.10486710 0.09844587 0.10652447 0.11691486 0.10174447 0.00000000 0.11344672 0.09765814 0.11068724 0.12243386 0.11527008 0.11453889 0.10371653 0.10773530 0.11526966 0.10280693 0.13049952 0.10283630 0.09822869 0.10315457 0.11508873 0.12359627 0.18646227 0.12368922 0.21033181 0.18759279 0.10593701 0.10525942 0.09512547 0.10785622 0.09821842 0.10617462 0.09847484 0.10811616 0.11777564 0.11059261 0.10821597 0.09102742 0.11182821 0.10749228 0.12056882 0.12492594 0.10262623 0.10199227 0.10853203 0.10019415 0.11468338 0.10266113 0.13253654 0.11169243 0.11463514 0.10138739 0.10619837 0.10256402 0.10221681 0.09852517 0.11721306 0.09815146 0.12722521 0.15631243 0.09141466 0.11594194 0.10353560 0.10462773 0.12848525 0.12327055 0.10776693 0.10662501 0.10323510 0.11223308 0.11704194 0.10377335 0.10471026 0.10303726 0.12442657 0.11865934 0.13576060 0.10745619 0.10054537 0.10054701 0.11948056 
STPN.0321.00023 0.12121391 0.12394823 0.11997974 0.21689869 0.12059191 0.11204897 0.12122192 0.12035128 0.10680878 0.11085294 0.11176316 0.09754183 0.10130097 0.11073721 0.10161972 0.12417019 0.10477061 0.11126886 0.11786003 0.11464123 0.10950012 0.11344672 0.00000000 0.09829248 0.10755401 0.12280043 0.11499993 0.11049489 0.10663001 0.11745256 0.11499950 0.03994723 0.12814432 0.03999322 0.10137881 0.11439878 0.11483067 0.10280239 0.19534046 0.12287116 0.20825178 0.19078421 0.10539841 0.09659453 0.10908718 0.11415625 0.11177350 0.11908841 0.10160690 0.12034128 0.12960722 0.12206035 0.12052483 0.10469821 0.12172298 0.10818217 0.12798574 0.11257408 0.11264833 0.09964009 0.11913513 0.11339529 0.11785484 0.10021177 0.13626640 0.11626552 0.11904551 0.10188182 0.11298495 0.11013080 0.10977190 0.10164256 0.11792711 0.10130097 0.12365958 0.14957508 0.10936842 0.11739626 0.10644752 0.11066429 0.13253194 0.12392788 0.10341318 0.11153945 0.04021574 0.12345132 0.11376808 0.00884833 0.04126471 0.03965386 0.12189874 0.11523984 0.13444374 0.11733251 0.10266869 0.09915289 0.12382883 
STPN.0321.00024 0.10564015 0.12149832 0.10851693 0.20539922 0.10691583 0.10413341 0.10525816 0.11535019 0.09706244 0.09261101 0.10222000 0.09746143 0.08888557 0.10897617 0.08918968 0.11899394 0.09511994 0.09356012 0.10536431 0.10594481 0.08650665 0.09765814 0.09829248 0.00000000 0.09947019 0.11378992 0.11323598 0.10199985 0.09482284 0.10029024 0.11323557 0.09279956 0.12338273 0.09283166 0.08896165 0.09447974 0.11307109 0.11221124 0.18325514 0.11814959 0.20346930 0.18177678 0.09468000 0.09553536 0.09198774 0.10241822 0.09465086 0.09912861 0.08917712 0.10669169 0.11392687 0.10645897 0.10658965 0.08990908 0.10502891 0.09646933 0.11449409 0.11254334 0.10001634 0.09078883 0.10036554 0.09673699 0.10263360 0.09351522 0.12442068 0.10686905 0.10517852 0.08898743 0.09750037 0.08711774 0.08683311 0.08921235 0.10996788 0.08888557 0.11801095 0.14613307 0.09374490 0.10577763 0.09464429 0.09675234 0.12187034 0.11870076 0.09763210 0.10061887 0.09317948 0.10499341 0.10404817 0.08870491 0.09457549 0.09301178 0.10830163 0.10418697 0.12870727 0.10002617 0.09462468 0.09203241 0.10710361 
STPN.0321.00025 0.11786546 0.09231144 0.12174323 0.21356063 0.11887585 0.11315175 0.11815858 0.11888073 0.10675547 0.09808988 0.10980080 0.09626526 0.08940162 0.11019368 0.08969416 0.12269676 0.09692139 0.10759151 0.11565163 0.00801833 0.10110935 0.11068724 0.10755401 0.09947019 0.00000000 0.12156023 0.11072107 0.10920377 0.10733313 0.11079587 0.11072067 0.10360030 0.12614450 0.10362943 0.08947776 0.10549943 0.11056041 0.11185864 0.19397708 0.12627624 0.20473114 0.19270010 0.09799104 0.10434146 0.10625183 0.10250038 0.10652965 0.11663009 0.08968160 0.11867958 0.12668526 0.11870252 0.11884861 0.10433294 0.11226083 0.09870730 0.12573891 0.11134071 0.10592615 0.09927687 0.11691568 0.10840804 0.10689605 0.10122550 0.13437182 0.10912896 0.11526512 0.10073816 0.10658594 0.10170185 0.10133252 0.08971684 0.11320188 0.08940162 0.12208340 0.11633228 0.10400250 0.11616899 0.10718977 0.10787796 0.12817274 0.12251309 0.10639236 0.11356435 0.10400434 0.11576358 0.11423796 0.09788076 0.10511674 0.10381924 0.11246158 0.11440251 0.13401888 0.11067899 0.10215613 0.10058013 0.11570276 
STPN.0321.00026 0.12889416 0.13296685 0.12771202 0.22156694 0.12450016 0.13125272 0.12886216 0.13678881 0.12205081 0.11988028 0.12154959 0.11608336 0.11610985 0.12781176 0.11646104 0.14072349 0.11691752 0.11804822 0.12451458 0.12665150 0.11891407 0.12243386 0.12280043 0.11378992 0.12156023 0.00000000 0.13016308 0.12638153 0.12135375 0.12289414 0.13016258 0.11299125 0.14421063 0.11301791 0.11618970 0.11944180 0.12996636 0.13229363 0.20468527 0.13942606 0.22574772 0.20312374 0.11509646 0.11882967 0.11291714 0.12421832 0.11712325 0.12459765 0.11644793 0.12424217 0.13543359 0.12975248 0.12444802 0.11358491 0.12089263 0.11635312 0.11780750 0.13091464 0.12025526 0.11313002 0.12305210 0.11862671 0.12572325 0.11708545 0.14807736 0.12807474 0.10760385 0.11523065 0.11892322 0.11967188 0.11926745 0.11648405 0.13281991 0.11610985 0.13989013 0.16293855 0.11429510 0.12883915 0.12116720 0.12036201 0.14324630 0.14041228 0.12291081 0.12211785 0.11340558 0.13101456 0.12485660 0.11275201 0.11488620 0.11321560 0.12987736 0.12614671 0.15143742 0.12277222 0.11750521 0.11223496 0.12775255 
STPN.0321.00027 0.11927835 0.12096737 0.12081662 0.21965880 0.12394714 0.12464979 0.11946241 0.12721289 0.11731728 0.11342667 0.11800014 0.11065249 0.11302008 0.11719351 0.11334868 0.13093750 0.10675913 0.11629331 0.12017310 0.11729030 0.11592699 0.11527008 0.11499993 0.11323598 0.11072107 0.13016308 0.00000000 0.12258516 0.11542551 0.12634608 0.00002190 0.11162663 0.13238311 0.11165359 0.11309930 0.12063885 0.00010991 0.11940750 0.18955276 0.12776336 0.21735521 0.18985205 0.10571446 0.11136196 0.11571076 0.12509732 0.11243672 0.12179890 0.11333567 0.12369098 0.12800149 0.12013347 0.12392358 0.10875301 0.12469556 0.10694220 0.13130673 0.12155694 0.11569673 0.10584807 0.12158296 0.11355219 0.11698163 0.10869338 0.14213811 0.12065989 0.12211086 0.11310728 0.11483325 0.11533416 0.11495964 0.11337159 0.12634307 0.11302008 0.13216671 0.15493077 0.10988694 0.12284649 0.11524108 0.11607447 0.13774403 0.13061846 0.12119404 0.11640880 0.11184245 0.12914854 0.12034859 0.11027091 0.11341112 0.11184810 0.13070618 0.12238569 0.13769384 0.12602791 0.10952398 0.11158574 0.12370486 
STPN.0321.00028 0.11350205 0.11969395 0.11610840 0.21889467 0.11509477 0.03122112 0.11360462 0.12845084 0.11660569 0.11524595 0.06769364 0.11044668 0.11403465 0.12412700 0.11439424 0.13166824 0.10215984 0.11080978 0.12188335 0.11566137 0.11426768 0.11453889 0.11049489 0.10199985 0.10920377 0.12638153 0.12258516 0.00000000 0.07287698 0.11008082 0.12258470 0.10536954 0.13561422 0.10539828 0.11411427 0.11438418 0.12240189 0.12148387 0.19230838 0.12704674 0.21873198 0.19021658 0.10664599 0.10909420 0.11013639 0.11739522 0.10469400 0.11369463 0.11438116 0.11485455 0.12165360 0.11432352 0.11498748 0.10754988 0.11769357 0.10837055 0.13380561 0.12056684 0.11679620 0.10538962 0.11179653 0.10654023 0.12527276 0.10707955 0.13443579 0.11696568 0.11952124 0.10288514 0.10691549 0.11453665 0.11412069 0.11441724 0.11319794 0.11403465 0.13379769 0.15865454 0.10883285 0.11707503 0.07272770 0.11304840 0.12725089 0.13167197 0.10507262 0.06981817 0.10577900 0.11519638 0.09519838 0.10070451 0.10727707 0.10556674 0.12166794 0.09681513 0.14532944 0.10996362 0.11024775 0.10580984 0.10042286 
STPN.0321.00029 0.10540640 0.12573772 0.10699826 0.20809226 0.10637346 0.05148604 0.10528628 0.12371309 0.10985753 0.11249881 0.02103044 0.10321490 0.10188092 0.11677220 0.10221456 0.12714599 0.10563229 0.10170450 0.10552492 0.11390659 0.10848723 0.10371653 0.10663001 0.09482284 0.10733313 0.12135375 0.11542551 0.07287698 0.00000000 0.10937870 0.11533997 0.09964785 0.13510909 0.09966514 0.10195909 0.10488598 0.11517031 0.11729106 0.18461507 0.12059904 0.21566512 0.18366257 0.10279566 0.10943794 0.10035145 0.10599267 0.09973961 0.10507786 0.10220169 0.10614882 0.11348764 0.10624394 0.10634503 0.09274187 0.11255438 0.10567392 0.11880071 0.11903741 0.09963276 0.09968245 0.10846489 0.10187463 0.11447812 0.10674431 0.13501245 0.11522618 0.11290576 0.09780748 0.10657999 0.10918747 0.10880258 0.10223749 0.11357139 0.10188092 0.13208066 0.15649053 0.09011393 0.11453574 0.00031027 0.10708859 0.12970451 0.12682440 0.10695523 0.04672124 0.09993320 0.11722678 0.09461100 0.09691433 0.10140229 0.09978822 0.11786141 0.09724103 0.14079621 0.10926158 0.10365721 0.10122157 0.10133505 
STPN.0321.00030 0.10365965 0.12017433 0.10574647 0.21507525 0.10479574 0.11167202 0.10383724 0.12675235 0.11517222 0.11059507 0.11300206 0.10582102 0.10285808 0.12539170 0.10319353 0.13045980 0.10785589 0.08875895 0.11285515 0.11583897 0.10089769 0.10773530 0.11745256 0.10029024 0.11079587 0.12289414 0.12634608 0.11008082 0.10937870 0.00000000 0.12634560 0.11079124 0.13989316 0.11081853 0.10293631 0.07871115 0.12615601 0.12170647 0.18168880 0.11704530 0.21654771 0.17880606 0.10882406 0.11024701 0.04134334 0.11180274 0.09998874 0.10424905 0.10318065 0.10461801 0.11243012 0.10447958 0.10461420 0.09328168 0.10555733 0.11032702 0.12772206 0.12102451 0.11181978 0.10214943 0.10231943 0.10224294 0.11417467 0.10918268 0.03477486 0.11040460 0.11645525 0.10819710 0.10076354 0.10183809 0.10149142 0.10321644 0.11729856 0.10285808 0.13564121 0.15946203 0.10317479 0.10715102 0.10919529 0.11423462 0.04632710 0.13027954 0.10618130 0.10539289 0.11121391 0.02044905 0.10886414 0.10746399 0.11275919 0.11101193 0.12278943 0.10934736 0.14532714 0.00007728 0.10935612 0.10619250 0.11330689 
STPN.0321.00031 0.11919000 0.12096692 0.12072701 0.21948185 0.12385469 0.12455634 0.11937391 0.12721241 0.11723003 0.11342626 0.11799970 0.11057116 0.11301967 0.11710731 0.11334826 0.13093700 0.10675875 0.11620774 0.12017266 0.11720402 0.11584159 0.11526966 0.11499950 0.11323557 0.11072067 0.13016258 0.00002190 0.12258470 0.11533997 0.12634560 0.00000000 0.11162622 0.13228386 0.11165318 0.11309889 0.12054977 0.00010984 0.11940705 0.18940198 0.12766794 0.21735420 0.18970276 0.10563693 0.11136156 0.11562553 0.12500436 0.11243631 0.12170867 0.11333525 0.12359887 0.12790589 0.12004440 0.12383112 0.10867350 0.12460317 0.10686367 0.13120895 0.12146678 0.11561128 0.10577096 0.12149193 0.11346863 0.11689534 0.10861376 0.14203055 0.12057071 0.12202037 0.11302388 0.11474869 0.11524921 0.11487521 0.11337118 0.12624906 0.11301967 0.13206790 0.15481255 0.10980618 0.12275508 0.11515569 0.11598794 0.13764018 0.13052083 0.12110400 0.11632265 0.11175962 0.12905214 0.12025952 0.11018987 0.11332656 0.11176515 0.13060760 0.12229480 0.13759055 0.12602743 0.10952358 0.11150391 0.12361267 
STPN.0321.00032 0.11390889 0.12472271 0.11507720 0.21070205 0.11411576 0.10558040 0.11381820 0.11703412 0.09406859 0.10117981 0.10465899 0.09487875 0.09744662 0.11005045 0.09775821 0.12049450 0.09698844 0.10310315 0.10982530 0.11064242 0.10356889 0.10280693 0.03994723 0.09279956 0.10360030 0.11299125 0.11162663 0.10536954 0.09964785 0.11079124 0.11162622 0.00000000 0.12455996 0.00025529 0.09752431 0.10599279 0.11146279 0.10961764 0.19029937 0.12256637 0.20627444 0.18815998 0.09736525 0.08887124 0.10013721 0.10462311 0.10061691 0.10903911 0.09774541 0.11387612 0.12193535 0.11474801 0.11404715 0.09616895 0.10934311 0.09848175 0.12240821 0.11512293 0.10556016 0.09408378 0.11180452 0.10076996 0.10801798 0.09287519 0.13822948 0.11490775 0.11417490 0.09430955 0.10706072 0.10295081 0.10261342 0.09778113 0.11569935 0.09744662 0.12172215 0.15318013 0.10022833 0.11017780 0.09946646 0.10321190 0.13370619 0.12059428 0.09431930 0.10412563 0.00050054 0.11803478 0.11165747 0.03089324 0.00121964 0.00030024 0.11112279 0.11245123 0.13332970 0.11067329 0.09909408 0.09233795 0.11616347 
STPN.0321.00033 0.13451670 0.12112457 0.12985357 0.23688389 0.13243840 0.13983837 0.13455536 0.02219068 0.13522055 0.13278514 0.13465549 0.12919238 0.12884963 0.13497285 0.12924161 0.01887959 0.12807678 0.13394205 0.13515283 0.13106210 0.13074837 0.13049952 0.12814432 0.12338273 0.12614450 0.14421063 0.13238311 0.13561422 0.13510909 0.13989316 0.13228386 0.12455996 0.00000000 0.12458325 0.12893106 0.13905781 0.13208351 0.12628427 0.19149040 0.11988185 0.11380156 0.19254376 0.12254027 0.13192850 0.12869426 0.13161899 0.11845981 0.13521111 0.12922828 0.13223542 0.14198342 0.13539926 0.13247103 0.13200557 0.13863818 0.12475376 0.15630605 0.12779677 0.12460526 0.12489108 0.12968506 0.11890964 0.12418730 0.12938632 0.15002901 0.13605732 0.13710199 0.12582700 0.13577373 0.13161431 0.13121536 0.12926471 0.12929102 0.12884963 0.02494040 0.16111879 0.12652980 0.13111393 0.13491864 0.12801892 0.14523573 0.01890495 0.13710002 0.13347671 0.12490633 0.14653338 0.13898157 0.12582835 0.12656719 0.12472566 0.14930795 0.14215711 0.03816305 0.13954497 0.12536073 0.12539957 0.14183453 
STPN.0321.00034 0.11393523 0.12474594 0.11510323 0.21069871 0.11414213 0.10560929 0.11384456 0.11705950 0.09410046 0.10120968 0.10467479 0.09491028 0.09747742 0.11007778 0.09778898 0.12051892 0.09701944 0.10313240 0.10985281 0.11066958 0.10359807 0.10283630 0.03999322 0.09283166 0.10362943 0.11301791 0.11165359 0.10539828 0.09966514 0.11081853 0.11165318 0.00025529 0.12458325 0.00000000 0.09755509 0.10600807 0.11148975 0.10964512 0.19030272 0.12259026 0.20630245 0.18816398 0.09739626 0.08890442 0.10016738 0.10465201 0.10064687 0.10906675 0.09777618 0.11390252 0.12195944 0.11477412 0.11407355 0.09620009 0.10937064 0.09851241 0.12243201 0.11514884 0.10558883 0.09411551 0.11183166 0.10079989 0.10802067 0.09290728 0.13824887 0.11493371 0.11420111 0.09434130 0.10711486 0.10298018 0.10264280 0.09781188 0.11572519 0.09747742 0.12174619 0.15319503 0.10025847 0.11020518 0.09948380 0.10324149 0.13372690 0.12061867 0.09435112 0.10414156 0.00055600 0.11808636 0.11168437 0.03094135 0.00127523 0.00035574 0.11115006 0.11247797 0.13335036 0.11070060 0.09912444 0.09237016 0.11618921 
STPN.0321.00035 0.10595368 0.11651958 0.10870842 0.20963203 0.10542961 0.11155371 0.10581730 0.11975188 0.09873875 0.09722399 0.10558158 0.08854283 0.00006601 0.09901730 0.00054013 0.12337571 0.08813092 0.10152638 0.10635973 0.09685931 0.09512346 0.09822869 0.10137881 0.08896165 0.08947776 0.11618970 0.11309930 0.11411427 0.10195909 0.10293631 0.11309889 0.09752431 0.12893106 0.09755509 0.00000000 0.10068216 0.11293415 0.11509776 0.18753078 0.11974588 0.20740973 0.18451044 0.10245546 0.10020017 0.09700566 0.09212247 0.10217535 0.11040241 0.00052911 0.10520780 0.11465585 0.10676162 0.10539898 0.08845189 0.10790696 0.10328492 0.11894406 0.11592535 0.10056042 0.08355665 0.10488255 0.10386138 0.10538424 0.09808749 0.13030906 0.09900949 0.10676370 0.09349008 0.09787455 0.09613504 0.09580830 0.00057321 0.10672696 0.00006601 0.12494540 0.14513229 0.09859137 0.10739313 0.10177859 0.10161995 0.12482005 0.12316203 0.09888898 0.10652772 0.09792690 0.11115497 0.10476108 0.09210350 0.09938352 0.09773198 0.11379925 0.10697073 0.13568021 0.10282236 0.08483277 0.08216082 0.11182503 
STPN.0321.00036 0.11285462 0.13065812 0.11176335 0.21030563 0.11026273 0.11917670 0.11275943 0.12818662 0.11078446 0.10859331 0.11121484 0.09989995 0.10060465 0.12102718 0.10092059 0.13192824 0.10009425 0.07790147 0.10679561 0.11226222 0.09687156 0.10315457 0.11439878 0.09447974 0.10549943 0.11944180 0.12063885 0.11438418 0.10488598 0.07871115 0.12054977 0.10599279 0.13905781 0.10600807 0.10068216 0.00000000 0.12037202 0.11519950 0.18612520 0.12048642 0.22013648 0.18274955 0.10645728 0.10559780 0.07033311 0.10807832 0.10291823 0.11241917 0.10090782 0.11006567 0.12132477 0.11371064 0.11028718 0.09119174 0.10907905 0.10791471 0.11929621 0.11597425 0.10479606 0.09233757 0.11208755 0.10398775 0.10922396 0.10521360 0.10364758 0.11398171 0.11212592 0.09497960 0.10800796 0.09789746 0.09756632 0.10094336 0.11768993 0.10060465 0.13651045 0.15963315 0.10300045 0.11067948 0.10470498 0.11069107 0.10277017 0.13164401 0.10664624 0.10860420 0.10632406 0.08588742 0.11649438 0.10453606 0.10782083 0.10615135 0.12089531 0.11684501 0.14732604 0.07860636 0.10736668 0.10253081 0.11773730 
