97
STPN.0321.00001 0.00000000 0.12563858 0.02867617 0.20603666 0.02098127 0.11350779 0.00125710 0.12169342 0.11677732 0.11284269 0.10980510 0.10874042 0.10587122 0.12136490 0.10621251 0.12530970 0.11194705 0.11178635 0.11399630 0.12388170 0.11477633 0.10976321 0.12120899 0.10563620 0.11786080 0.12888879 0.11927357 0.11349770 0.10540245 0.10365586 0.11918522 0.11390445 0.13451081 0.11393080 0.10594968 0.11285026 0.11899634 0.12598931 0.17611771 0.09534321 0.22183266 0.17574976 0.11126818 0.11397237 0.10926307 0.11351136 0.08115231 0.10910243 0.10619960 0.02089626 0.00788110 0.00094810 0.02096878 0.10533030 0.11042695 0.11241091 0.13046654 0.12679612 0.11604490 0.10565760 0.03498731 0.08128373 0.11980952 0.11244066 0.12672180 0.11294950 0.11863846 0.10742576 0.09586286 0.11539506 0.11499129 0.10623541 0.11569860 0.10587122 0.13338328 0.16062623 0.10520012 0.08916537 0.10523319 0.11187506 0.12169582 0.12498460 0.10605531 0.10337379 0.11422109 0.11313858 0.11126386 0.11380466 0.11581204 0.11404593 0.12959410 0.11423432 0.14168767 0.10354143 0.11192974 0.10751768 0.11275346 
STPN.0321.00002 0.12563858 0.00000000 0.11914464 0.22958797 0.12370901 0.12290381 0.12612168 0.11633712 0.12607156 0.12817255 0.12821207 0.12013816 0.11643531 0.12882592 0.11679878 0.12016612 0.11875353 0.12831035 0.13236006 0.09573490 0.12699878 0.12250827 0.12394306 0.12149337 0.09230813 0.13296115 0.12096243 0.11968910 0.12573240 0.12016950 0.12096197 0.12471752 0.12111959 0.12474076 0.11651494 0.13065250 0.12078299 0.13369463 0.19918259 0.12723410 0.20335417 0.19828064 0.11591824 0.12162186 0.11956383 0.12278346 0.11328216 0.12187629 0.11678571 0.12356387 0.13249591 0.12650332 0.12378339 0.12060057 0.12278116 0.11688933 0.14495798 0.12960971 0.11302693 0.11830483 0.12223707 0.11494588 0.11487069 0.11935346 0.13982810 0.11687653 0.12484047 0.12220385 0.11594724 0.12760792 0.12716491 0.11682172 0.11299916 0.11643531 0.11784580 0.12467286 0.11830827 0.12534745 0.12554492 0.11948144 0.13473464 0.11985668 0.11919027 0.11895870 0.12515747 0.12777254 0.12060796 0.11884440 0.12645334 0.12493647 0.13832549 0.12152938 0.12979639 0.11987818 0.11924068 0.11903932 0.12714487 
STPN.0321.00003 0.02867617 0.11914464 0.00000000 0.20943168 0.01388558 0.11681175 0.02928307 0.11805910 0.12018657 0.11385422 0.11379464 0.10968231 0.10862535 0.12210466 0.10895979 0.12182922 0.11307585 0.11335266 0.11572451 0.12778843 0.11743897 0.11052074 0.11997486 0.10851279 0.12173829 0.12770668 0.12081174 0.11610384 0.10699417 0.10574250 0.12072215 0.11507265 0.12984800 0.11509868 0.10870421 0.11175900 0.12053045 0.12671970 0.17290567 0.08976890 0.21756582 0.17250922 0.11058313 0.11859111 0.10899945 0.11153401 0.07604576 0.10818133 0.10894683 0.01380839 0.03600036 0.02939928 0.01386752 0.10552026 0.11544791 0.11239334 0.13614425 0.12390010 0.11728556 0.10446689 0.03222281 0.07605047 0.12301035 0.11698851 0.12432333 0.10724797 0.11877481 0.10838018 0.10084479 0.11807518 0.11768980 0.10898273 0.11307294 0.10862535 0.13152681 0.16152799 0.10516110 0.08596257 0.10681179 0.11562345 0.12090458 0.12154415 0.10502803 0.10467749 0.11539113 0.11483538 0.11425762 0.11415618 0.11699226 0.11521543 0.13311874 0.11712219 0.13875308 0.10562718 0.11513462 0.10832031 0.11578622 
STPN.0321.00004 0.20603666 0.22958797 0.20943168 0.00000000 0.20848554 0.21829325 0.20610563 0.22816347 0.21016767 0.20303464 0.21151009 0.20260508 0.20952791 0.22244208 0.20991195 0.23300401 0.20699374 0.20846273 0.21294316 0.22048857 0.20320502 0.20500536 0.21688611 0.20538790 0.21354856 0.22155404 0.21964611 0.21888194 0.20808068 0.21506295 0.21946917 0.21069022 0.23686915 0.21068687 0.20962026 0.21029385 0.21909603 0.22406978 0.29133905 0.22607653 0.31550932 0.29067905 0.21077125 0.20864934 0.20635302 0.21760868 0.20910261 0.21878439 0.20989714 0.20816918 0.21560077 0.20703514 0.20810213 0.20214659 0.22011552 0.21206024 0.22218913 0.22440820 0.21593515 0.19896452 0.20858675 0.20870687 0.22172194 0.20495470 0.23270830 0.22025355 0.21806107 0.20774200 0.21231603 0.20393706 0.20315823 0.20993567 0.21833427 0.20952791 0.23469656 0.25247042 0.20300943 0.21906128 0.20786892 0.21495876 0.22877480 0.23197361 0.21013389 0.21092014 0.21117337 0.21716334 0.21002826 0.20897336 0.21353363 0.21097063 0.22250115 0.20944975 0.24291171 0.21449407 0.21060985 0.20763411 0.21675108 
STPN.0321.00005 0.02098127 0.12370901 0.01388558 0.20848554 0.00000000 0.11526604 0.02174055 0.11908429 0.11899876 0.11325609 0.11283419 0.10708708 0.10534695 0.12130047 0.10568822 0.12287503 0.11204428 0.11134200 0.11387553 0.12487701 0.11485481 0.10829379 0.12058701 0.10691179 0.11887110 0.12449503 0.12394204 0.11509029 0.10636942 0.10479185 0.12384959 0.11411129 0.13243266 0.11413765 0.10542560 0.11025849 0.12365151 0.12661779 0.17555569 0.08986652 0.21844662 0.17512481 0.10808610 0.11579378 0.10853067 0.10941199 0.07541088 0.10700697 0.10567528 0.00009949 0.02816825 0.02169513 0.00017713 0.10434427 0.11203388 0.10955933 0.13299076 0.12401650 0.11599198 0.10324746 0.02397632 0.07480189 0.12057231 0.11423436 0.12751373 0.11151069 0.11537945 0.10533618 0.10179436 0.11552375 0.11514606 0.10571119 0.11283708 0.10534695 0.13125182 0.16055732 0.10378558 0.08422760 0.10618673 0.11336951 0.12249627 0.12255872 0.10356016 0.10314039 0.11442919 0.11433706 0.11257488 0.11277131 0.11602671 0.11425342 0.13147668 0.11592499 0.13965281 0.10467668 0.11225849 0.10523957 0.11349292 
STPN.0321.00006 0.11350779 0.12290381 0.11681175 0.21829325 0.11526604 0.00000000 0.11330860 0.13230145 0.11833071 0.12055183 0.04670473 0.11100546 0.11146971 0.12657708 0.11182528 0.13582883 0.10686015 0.11444982 0.12115859 0.11980578 0.11656607 0.11513791 0.11204454 0.10412949 0.11314734 0.13124713 0.12464466 0.03122033 0.05148452 0.11166772 0.12455122 0.10557639 0.13983204 0.10560528 0.11154936 0.11917186 0.12436398 0.12329226 0.19394217 0.12911004 0.22187957 0.19071665 0.11097970 0.11037537 0.11467972 0.11912300 0.10521549 0.11240929 0.11181220 0.11502430 0.12169930 0.11434600 0.11518510 0.11003555 0.11434491 0.11261608 0.13389236 0.12501200 0.11632551 0.10855426 0.11219274 0.10751983 0.12343981 0.10826945 0.13724388 0.11952859 0.12104692 0.10629587 0.10620164 0.11717281 0.11674627 0.11184837 0.11490782 0.11146971 0.13839248 0.16482592 0.10449447 0.11873249 0.05133979 0.11565005 0.13128235 0.13543091 0.10654532 0.04951365 0.10588453 0.11837030 0.08821170 0.10221598 0.10741950 0.10568432 0.12435761 0.09207962 0.14957830 0.11154940 0.11392633 0.10674733 0.10000030 
STPN.0321.00007 0.00125710 0.12612168 0.02928307 0.20610563 0.02174055 0.11330860 0.00000000 0.12170789 0.11650766 0.11280353 0.10968369 0.10891323 0.10573487 0.12143962 0.10607585 0.12532397 0.11196312 0.11159529 0.11356133 0.12417738 0.11463711 0.10959067 0.12121700 0.10525424 0.11815390 0.12885680 0.11945761 0.11360026 0.10528234 0.10383344 0.11936912 0.11381378 0.13454947 0.11384014 0.10581331 0.11275507 0.11917991 0.12590111 0.17574605 0.09535804 0.22223136 0.17526743 0.11146987 0.11430084 0.10938339 0.11307466 0.08094501 0.10897580 0.10606295 0.02165402 0.00888893 0.00194221 0.02172800 0.10564147 0.11046842 0.11261261 0.13064184 0.12670792 0.11588213 0.10564784 0.03577007 0.08107631 0.11993264 0.11276822 0.12690493 0.11286740 0.11911564 0.10767735 0.09588157 0.11525563 0.11485234 0.10609874 0.11598329 0.10573487 0.13372641 0.16098365 0.10508957 0.08958854 0.10511313 0.11216934 0.12187620 0.12499884 0.10609218 0.10328824 0.11413022 0.11328879 0.11123191 0.11381362 0.11572014 0.11395513 0.12939300 0.11420269 0.14203412 0.10371895 0.11200378 0.10751412 0.11272155 
STPN.0321.00008 0.12169342 0.11633712 0.11805910 0.22816347 0.11908429 0.13230145 0.12170789 0.00000000 0.12845473 0.12387056 0.12339875 0.12125897 0.11966696 0.12652820 0.12003763 0.00358839 0.12141435 0.12367800 0.12089096 0.12411975 0.12182349 0.12056030 0.12034638 0.11534561 0.11887596 0.13678285 0.12720755 0.12844533 0.12370796 0.12674703 0.12720707 0.11702945 0.02219015 0.11705483 0.11974702 0.12818124 0.12701649 0.12014537 0.18001902 0.10371992 0.12446702 0.17964524 0.11565871 0.12551770 0.11776519 0.12548446 0.11004266 0.12413703 0.12002450 0.11890034 0.12899559 0.12255406 0.11911221 0.12031088 0.12726426 0.11773910 0.14538748 0.12208281 0.11551866 0.11817535 0.11724000 0.11098034 0.11653808 0.12310325 0.14039597 0.13120909 0.12947681 0.11915542 0.12781132 0.12269988 0.12230038 0.12006060 0.12236942 0.11966696 0.03561122 0.15507659 0.11502562 0.12148055 0.12352107 0.12098338 0.13147499 0.00366709 0.12879332 0.12339946 0.11745082 0.13350901 0.13257931 0.11594695 0.11904919 0.11727351 0.14217223 0.13480703 0.04806459 0.12642774 0.11759717 0.11589600 0.13671902 
STPN.0321.00009 0.11677732 0.12607156 0.12018657 0.21016767 0.11899876 0.11833071 0.11650766 0.12845473 0.00000000 0.10426546 0.11528094 0.10211670 0.09865729 0.12138504 0.09897209 0.13159745 0.10076188 0.11388840 0.10971102 0.11330065 0.10401191 0.10535564 0.10680476 0.09705903 0.10675152 0.12204590 0.11731269 0.11660107 0.10985337 0.11516774 0.11722544 0.09406530 0.13521472 0.09409716 0.09873521 0.11078023 0.11705201 0.12632460 0.18718348 0.13275960 0.22053592 0.18595245 0.10092811 0.10474253 0.10118951 0.11439141 0.11005367 0.11609386 0.09895926 0.11880107 0.12544521 0.11761794 0.11876196 0.10353503 0.11568107 0.10297270 0.12148424 0.12718079 0.11291540 0.10060843 0.11748413 0.10999313 0.11355357 0.10482284 0.14194484 0.11499894 0.12041895 0.10069504 0.11118039 0.10388210 0.10346242 0.09899504 0.12310943 0.09865729 0.13225724 0.15387867 0.10282087 0.11709473 0.10966956 0.10982403 0.13570504 0.13162423 0.10422258 0.11482847 0.09436816 0.12172977 0.10794582 0.09687693 0.09579127 0.09421194 0.07474986 0.10840100 0.14253715 0.11504819 0.10433790 0.09836531 0.11438299 
STPN.0321.00010 0.11284269 0.12817255 0.11385422 0.20303464 0.11325609 0.12055183 0.11280353 0.12387056 0.10426546 0.00000000 0.11469079 0.09988424 0.09714323 0.11126918 0.09745309 0.12760962 0.09920442 0.10689649 0.11490833 0.10459576 0.03314236 0.10640045 0.11084872 0.09260785 0.09808644 0.11987556 0.11342237 0.11524147 0.11249452 0.11059084 0.11342195 0.10117619 0.13277947 0.10120605 0.09722053 0.10858926 0.11325649 0.11990773 0.18923553 0.11996819 0.21462057 0.19088886 0.10353777 0.10527940 0.10210008 0.10932595 0.09868194 0.11461139 0.09744036 0.11304564 0.12117336 0.11367456 0.11317479 0.10037962 0.11370945 0.10479107 0.12166261 0.11928519 0.11362047 0.08716067 0.10967141 0.09781179 0.11426288 0.10211931 0.13555355 0.11060183 0.11595695 0.09831947 0.09965123 0.03225534 0.03210953 0.09747590 0.12328715 0.09714323 0.12895614 0.15314922 0.10556135 0.11005877 0.11231095 0.10361635 0.13036874 0.12734477 0.09773444 0.11447199 0.10156306 0.11277586 0.11131860 0.10099051 0.10301260 0.10140424 0.11826144 0.11084410 0.13979189 0.11047367 0.09814571 0.10040414 0.10783082 
STPN.0321.00011 0.10980510 0.12821207 0.11379464 0.21151009 0.11283419 0.04670473 0.10968369 0.12339875 0.11528094 0.11469079 0.00000000 0.10718943 0.10549889 0.12208302 0.10584076 0.12683292 0.10785672 0.10515140 0.11010252 0.11546073 0.11310286 0.11020483 0.11175880 0.10221623 0.10979664 0.12154471 0.11799545 0.06769147 0.02102994 0.11299765 0.11799501 0.10465509 0.13464959 0.10467089 0.10557762 0.11121054 0.11782017 0.11944688 0.18889746 0.12538827 0.21781525 0.18810004 0.10529706 0.11053111 0.10419254 0.11317680 0.10719809 0.10796206 0.10582781 0.11259789 0.11673532 0.11063463 0.11280756 0.09652459 0.11624599 0.10764391 0.12182258 0.12061438 0.10299017 0.10706362 0.10996388 0.10800654 0.11496407 0.10803805 0.13909330 0.12254461 0.11663894 0.10404462 0.10965582 0.11381113 0.11341021 0.10586375 0.12148651 0.10549889 0.13308408 0.15683671 0.09494955 0.12188411 0.02086911 0.10949821 0.13270466 0.12660671 0.11490769 0.04987103 0.10502527 0.12087440 0.09972191 0.10201104 0.10653664 0.10486511 0.12157690 0.10210704 0.14283273 0.11287895 0.10888881 0.10502512 0.10636142 
STPN.0321.00012 0.10874042 0.12013816 0.10968231 0.20260508 0.10708708 0.11100546 0.10891323 0.12125897 0.10211670 0.09988424 0.10718943 0.00000000 0.08846354 0.10049571 0.08876774 0.12481369 0.09345671 0.10195606 0.10584975 0.10142877 0.09792863 0.10093659 0.09753833 0.09745796 0.09626190 0.11607885 0.11064831 0.11044246 0.10321112 0.10581704 0.11056699 0.09487543 0.12918695 0.09490696 0.08853981 0.09989636 0.11040664 0.10876354 0.18369089 0.11440153 0.21015155 0.18234071 0.09954819 0.09628572 0.09914986 0.10519252 0.09546285 0.10869341 0.08875515 0.10690647 0.11645217 0.10958038 0.10696571 0.09068181 0.10806795 0.10160666 0.11814792 0.11097190 0.10263210 0.08684026 0.10447451 0.09601528 0.10529538 0.09482232 0.12752212 0.10303249 0.11113924 0.10071196 0.10114469 0.09857814 0.09824316 0.08880498 0.11339658 0.08846354 0.12583317 0.14401756 0.09888515 0.10458231 0.10304265 0.10370111 0.12244795 0.12473976 0.09974079 0.10338757 0.09521620 0.11215000 0.10348374 0.08954650 0.09660054 0.09504780 0.11858572 0.10645168 0.13528387 0.10572517 0.08863452 0.08195445 0.11136592 
STPN.0321.00013 0.10587122 0.11643531 0.10862535 0.20952791 0.10534695 0.11146971 0.10573487 0.11966696 0.09865729 0.09714323 0.10549889 0.08846354 0.00000000 0.09893645 0.00047396 0.12328980 0.08805195 0.10144506 0.10627726 0.09677888 0.09504314 0.09814795 0.10129726 0.08888256 0.08939860 0.11610532 0.11301573 0.11403018 0.10187718 0.10285426 0.11301531 0.09744316 0.12884419 0.09747396 0.00006601 0.10060096 0.11285073 0.11501373 0.18743033 0.11966083 0.20730656 0.18441171 0.10237348 0.10011909 0.09692491 0.09204268 0.10209381 0.11031940 0.00046293 0.10512530 0.11457173 0.10667899 0.10531632 0.08837300 0.10782449 0.10320289 0.11885973 0.11584121 0.10047901 0.08347847 0.10479960 0.10377951 0.10530210 0.09800679 0.13022164 0.09892862 0.10668134 0.09340983 0.09779384 0.09605452 0.09572805 0.00050704 0.10664436 0.00000010 0.12485956 0.14504214 0.09851019 0.10731030 0.10169670 0.10153762 0.12473375 0.12307639 0.09880781 0.10644510 0.09784555 0.11107159 0.10467913 0.09202380 0.09930149 0.09765068 0.11371476 0.10688819 0.13559239 0.10274034 0.08475437 0.08208289 0.11174142 
STPN.0321.00014 0.12136490 0.12882592 0.12210466 0.22244208 0.12130047 0.12657708 0.12143962 0.12652820 0.12138504 0.11126918 0.12208302 0.10049571 0.09893645 0.00000000 0.09923609 0.13038325 0.10308385 0.11493379 0.12054986 0.11618171 0.11033160 0.11303889 0.11073297 0.10897205 0.11018952 0.12780649 0.11718894 0.12412191 0.11676760 0.12538649 0.11710275 0.11004628 0.13496699 0.11007361 0.09901372 0.12102231 0.11694436 0.12216770 0.19689911 0.12797144 0.21702963 0.19776637 0.10993111 0.10956515 0.11583818 0.11695757 0.11413123 0.12724527 0.09922336 0.12104968 0.12957906 0.12219461 0.12126070 0.10737881 0.12130691 0.11389113 0.13243383 0.12274601 0.11964359 0.10163667 0.12181905 0.11439750 0.12301000 0.10741006 0.14555773 0.11476336 0.12555097 0.11441409 0.12036256 0.10994107 0.10957038 0.09925884 0.12151066 0.09893645 0.13182303 0.16025862 0.11617846 0.12392295 0.11658325 0.11320104 0.14021577 0.12991711 0.11201199 0.11618263 0.11035733 0.13031119 0.12286948 0.10492072 0.11189764 0.11020918 0.13291443 0.12364332 0.14216630 0.12507082 0.03388915 0.09895584 0.12741110 
STPN.0321.00015 0.10621251 0.11679878 0.10895979 0.20991195 0.10568822 0.11182528 0.10607585 0.12003763 0.09897209 0.09745309 0.10584076 0.08876774 0.00047396 0.09923609 0.00000000 0.12366981 0.08834183 0.10177551 0.10660605 0.09708667 0.09534824 0.09848403 0.10161598 0.08918664 0.08969111 0.11645647 0.11334430 0.11438973 0.10221079 0.10318967 0.11334388 0.09775473 0.12923614 0.09778549 0.00054012 0.10091687 0.11317845 0.11536176 0.18797931 0.12004490 0.20788171 0.18494722 0.10268236 0.10043403 0.09723391 0.09235389 0.10241356 0.11066911 0.00007713 0.10546559 0.11493217 0.10702206 0.10565762 0.08867554 0.10816858 0.10350054 0.11922726 0.11620355 0.10080846 0.08375911 0.10514137 0.10410292 0.10562843 0.09831724 0.13060476 0.09924102 0.10702348 0.09368640 0.09810405 0.09636182 0.09603386 0.00007713 0.10696130 0.00047396 0.12524156 0.14545803 0.09883618 0.10764258 0.10202994 0.10185972 0.12510429 0.12345489 0.09910854 0.10678799 0.09815846 0.11139640 0.10501674 0.09232236 0.09961915 0.09796314 0.11404957 0.10723131 0.13599784 0.10307544 0.08504981 0.08237280 0.11209579 
STPN.0321.00016 0.12530970 0.12016612 0.12182922 0.23300401 0.12287503 0.13582883 0.12532397 0.00358839 0.13159745 0.12760962 0.12683292 0.12481369 0.12328980 0.13038325 0.12366981 0.00000000 0.12514015 0.12704576 0.12482862 0.12798090 0.12563155 0.12351931 0.12416504 0.11898912 0.12269174 0.14071725 0.13093190 0.13166250 0.12714062 0.13045422 0.13093140 0.12048961 0.01887915 0.12051403 0.12337061 0.13192262 0.13073323 0.12348139 0.18385320 0.10740452 0.12104748 0.18343295 0.11933910 0.12903675 0.12137039 0.12921127 0.11379073 0.12811993 0.12365657 0.12268515 0.13268452 0.12617912 0.12290438 0.12360882 0.13130277 0.12150332 0.14948592 0.12542870 0.11935310 0.12194837 0.12077485 0.11473712 0.12014104 0.12660015 0.14426853 0.13511990 0.13337067 0.12270994 0.13111519 0.12651912 0.12610555 0.12369289 0.12603840 0.12328980 0.03228339 0.15913444 0.11825457 0.12499743 0.12695210 0.12449056 0.13549805 0.00039798 0.13257543 0.12679967 0.12091935 0.13751606 0.13613154 0.11971519 0.12254705 0.12074044 0.14552103 0.13837496 0.04473821 0.13012593 0.12107220 0.11946792 0.14032648 
STPN.0321.00017 0.11194705 0.11875353 0.11307585 0.20699374 0.11204428 0.10686015 0.11196312 0.12141435 0.10076188 0.09920442 0.10785672 0.09345671 0.08805195 0.10308385 0.08834183 0.12514015 0.00000000 0.10319172 0.10093207 0.10296778 0.10153680 0.10486323 0.10476669 0.09511661 0.09691798 0.11691294 0.10675517 0.10215609 0.10562837 0.10785178 0.10675478 0.09698499 0.12807140 0.09701598 0.08812795 0.10009062 0.10660151 0.10341346 0.18084728 0.11470078 0.21223399 0.17933055 0.09537127 0.09926198 0.09953469 0.10100004 0.10301655 0.11300085 0.08832929 0.11181067 0.12007340 0.11277514 0.11196351 0.09476107 0.11092753 0.09583208 0.11956099 0.10104088 0.10734819 0.08867358 0.11030218 0.10322173 0.10513341 0.09813239 0.12928702 0.10621752 0.11317128 0.09569089 0.10218330 0.10113197 0.10080339 0.08836451 0.11515190 0.08805195 0.12739090 0.14754154 0.10052540 0.10735153 0.10547268 0.10597948 0.12492196 0.12486641 0.10280876 0.10597470 0.09737467 0.11213875 0.10588864 0.09506652 0.09880438 0.09717958 0.11597525 0.10808942 0.13809108 0.10773592 0.08913105 0.09247699 0.11072248 
STPN.0321.00018 0.11178635 0.12831035 0.11335266 0.20846273 0.11134200 0.11444982 0.11159529 0.12367800 0.11388840 0.10689649 0.10515140 0.10195606 0.10144506 0.11493379 0.10177551 0.12704576 0.10319172 0.00000000 0.10789771 0.11303818 0.10389917 0.09844237 0.11126458 0.09355689 0.10758752 0.11804361 0.11628876 0.11080549 0.10170078 0.08875591 0.11620320 0.10309939 0.13393628 0.10312864 0.10152266 0.07789898 0.11603329 0.11983930 0.18658230 0.11944024 0.21808592 0.18446673 0.10429257 0.09697120 0.08942589 0.10864934 0.10293417 0.10832570 0.10176274 0.11111030 0.12030563 0.11261225 0.11123496 0.09316433 0.10973333 0.10525133 0.12069494 0.11982365 0.09693723 0.10101459 0.10916549 0.10414487 0.10920535 0.09614926 0.11387905 0.11938398 0.11009648 0.09502722 0.10972241 0.10392398 0.10357364 0.10179828 0.12143989 0.10144506 0.13203438 0.15517137 0.09753753 0.11595425 0.10152067 0.10466336 0.11057158 0.12683538 0.10777334 0.10437989 0.10341333 0.09656584 0.11549956 0.10188975 0.10492602 0.10325488 0.12119868 0.11649939 0.14216801 0.08866680 0.10198183 0.09750465 0.11183627 
STPN.0321.00019 0.11399630 0.13236006 0.11572451 0.21294316 0.11387553 0.12115859 0.11356133 0.12089096 0.10971102 0.11490833 0.11010252 0.10584975 0.10627726 0.12054986 0.10660605 0.12482862 0.10093207 0.10789771 0.00000000 0.12080473 0.11194716 0.10652049 0.11785533 0.10536040 0.11564714 0.12450949 0.12016831 0.12187836 0.10552100 0.11285076 0.12016786 0.10982113 0.13514695 0.10984863 0.10635574 0.10679160 0.11999019 0.12251852 0.08980470 0.10794160 0.22242800 0.08111620 0.10633749 0.11095106 0.10415880 0.11064346 0.10525007 0.11180301 0.10659315 0.11363779 0.12064058 0.11481736 0.11375488 0.10049529 0.11442450 0.10706165 0.12525136 0.12358147 0.11142908 0.10338874 0.11447392 0.10520568 0.11999285 0.10987826 0.13442421 0.11359063 0.11733236 0.10933718 0.11275892 0.11152581 0.11116173 0.10662895 0.12128294 0.10627726 0.13424229 0.15533916 0.10010386 0.11474201 0.10533909 0.11796862 0.12154990 0.12453104 0.11115847 0.11234698 0.11022758 0.11895060 0.10293225 0.10857735 0.11176119 0.11006573 0.12493654 0.10439781 0.14465387 0.11257338 0.10864002 0.10925484 0.11145448 
STPN.0321.00020 0.12388170 0.09573490 0.12778843 0.22048857 0.12487701 0.11980578 0.12417738 0.12411975 0.11330065 0.10459576 0.11546073 0.10142877 0.09677888 0.11618171 0.09708667 0.12798090 0.10296778 0.11303818 0.12080473 0.00000000 0.10766080 0.11691030 0.11463679 0.10594094 0.00801816 0.12664634 0.11728573 0.11565684 0.11390220 0.11583442 0.11719945 0.11063827 0.13105652 0.11066543 0.09685589 0.11225792 0.11702795 0.11832017 0.19975588 0.13168724 0.20798686 0.19761423 0.10378404 0.11072131 0.11197341 0.10842446 0.11294673 0.12250685 0.09707398 0.12467250 0.13203340 0.12472715 0.12485130 0.11091340 0.11781004 0.10443299 0.13064053 0.11735822 0.11146634 0.10498166 0.12310037 0.11453951 0.11316032 0.10749612 0.13947134 0.11500174 0.12098668 0.10740340 0.11330232 0.10826335 0.10787306 0.09710940 0.11840047 0.09677888 0.12705450 0.11946120 0.10940329 0.12145062 0.11375757 0.11502765 0.13283120 0.12768687 0.11357134 0.11977081 0.11097639 0.12092532 0.12078431 0.10476283 0.11217692 0.11078854 0.11943485 0.12087924 0.13879629 0.11552637 0.10860175 0.10638136 0.11965036 
STPN.0321.00021 0.11477633 0.12699878 0.11743897 0.20320502 0.11485481 0.11656607 0.11463711 0.12182349 0.10401191 0.03314236 0.11310286 0.09792863 0.09504314 0.11033160 0.09534824 0.12563155 0.10153680 0.10389917 0.11194716 0.10766080 0.00000000 0.10174080 0.10949594 0.08650376 0.10110570 0.11890937 0.11592251 0.11426320 0.10848314 0.10089400 0.11583712 0.10356510 0.13074281 0.10359428 0.09512009 0.09686814 0.11566763 0.11563190 0.18647458 0.12150527 0.21239648 0.18783650 0.10492637 0.10594372 0.09488306 0.10821423 0.10031001 0.10988137 0.09533556 0.11470327 0.12313069 0.11560925 0.11478729 0.09558454 0.11163548 0.10607918 0.11649192 0.11497097 0.11191575 0.09397876 0.11046764 0.10050803 0.11196221 0.10280625 0.12434318 0.11142524 0.11019402 0.09723628 0.10088224 0.00109136 0.00103345 0.09537100 0.11894844 0.09504314 0.12597087 0.15332099 0.10466277 0.11087310 0.10830079 0.10376570 0.12210144 0.12528037 0.10018996 0.11223133 0.10388084 0.10391136 0.10990617 0.09966440 0.10537394 0.10372137 0.11622092 0.11001938 0.13677248 0.10078076 0.09774104 0.09602502 0.11050414 
STPN.0321.00022 0.10976321 0.12250827 0.11052074 0.20500536 0.10829379 0.11513791 0.10959067 0.12056030 0.10535564 0.10640045 0.11020483 0.10093659 0.09814795 0.11303889 0.09848403 0.12351931 0.10486323 0.09844237 0.10652049 0.11691030 0.10174080 0.00000000 0.11344230 0.09765468 0.11068306 0.12242895 0.11526565 0.11453442 0.10371271 0.10773125 0.11526523 0.10280319 0.13049398 0.10283255 0.09822518 0.10315081 0.11508431 0.12359125 0.18645223 0.12368414 0.21031981 0.18758268 0.10593306 0.10525556 0.09512210 0.10785221 0.09821489 0.10617065 0.09847131 0.10811204 0.11777101 0.11058839 0.10821187 0.09102434 0.11182395 0.10748825 0.12056406 0.12492083 0.10262246 0.10198856 0.10852787 0.10019051 0.11467893 0.10265740 0.13253087 0.11168814 0.11463074 0.10138371 0.10619440 0.10256030 0.10221312 0.09852164 0.11720839 0.09814795 0.12721992 0.15630508 0.09141156 0.11593738 0.10353180 0.10462382 0.12847979 0.12326549 0.10776289 0.10662102 0.10323133 0.11222875 0.11703732 0.10376954 0.10470639 0.10303350 0.12442151 0.11865460 0.13575477 0.10745216 0.10054172 0.10054341 0.11947579 
STPN.0321.00023 0.12120899 0.12394306 0.11997486 0.21688611 0.12058701 0.11204454 0.12121700 0.12034638 0.10680476 0.11084872 0.11175880 0.09753833 0.10129726 0.11073297 0.10161598 0.12416504 0.10476669 0.11126458 0.11785533 0.11463679 0.10949594 0.11344230 0.00000000 0.09828895 0.10755000 0.12279541 0.11499542 0.11049055 0.10662596 0.11744785 0.11499500 0.03994616 0.12813893 0.03999214 0.10137509 0.11439430 0.11482617 0.10279858 0.19532956 0.12286611 0.20823996 0.19077377 0.10539445 0.09659108 0.10908297 0.11415181 0.11176918 0.11908360 0.10160316 0.12033639 0.12960177 0.12205537 0.12051995 0.10469431 0.12171808 0.10817805 0.12798046 0.11256973 0.11264394 0.09963648 0.11913031 0.11339087 0.11785013 0.10020812 0.13626041 0.11626097 0.11904081 0.10187808 0.11298055 0.11012659 0.10976773 0.10163882 0.11792231 0.10129726 0.12365451 0.14956823 0.10936426 0.11739158 0.10644349 0.11065998 0.13252618 0.12392275 0.10340932 0.11153512 0.04021465 0.12344623 0.11376362 0.00884814 0.04126358 0.03965279 0.12189377 0.11523529 0.13443797 0.11732780 0.10266491 0.09914931 0.12382373 
STPN.0321.00024 0.10563620 0.12149337 0.10851279 0.20538790 0.10691179 0.10412949 0.10525424 0.11534561 0.09705903 0.09260785 0.10221623 0.09745796 0.08888256 0.10897205 0.08918664 0.11898912 0.09511661 0.09355689 0.10536040 0.10594094 0.08650376 0.09765468 0.09828895 0.00000000 0.09946669 0.11378558 0.11323163 0.10199610 0.09481947 0.10028658 0.11323122 0.09279635 0.12337766 0.09282845 0.08895863 0.09447644 0.11306674 0.11220694 0.18324538 0.11814483 0.20345797 0.18176719 0.09467669 0.09553204 0.09198453 0.10241450 0.09464754 0.09912503 0.08917409 0.10668766 0.11392245 0.10645498 0.10658565 0.08990601 0.10502505 0.09646592 0.11448970 0.11253903 0.10001270 0.09078572 0.10036186 0.09673355 0.10262985 0.09351200 0.12441551 0.10686505 0.10517467 0.08898443 0.09749692 0.08711482 0.08683022 0.08920932 0.10996364 0.08888256 0.11800626 0.14612653 0.09374167 0.10577366 0.09464094 0.09674887 0.12186532 0.11869597 0.09762863 0.10061521 0.09317625 0.10498949 0.10404432 0.08870192 0.09457218 0.09300856 0.10829758 0.10418312 0.12870190 0.10002252 0.09462137 0.09202923 0.10709960 
STPN.0321.00025 0.11786080 0.09230813 0.12173829 0.21354856 0.11887110 0.11314734 0.11815390 0.11887596 0.10675152 0.09808644 0.10979664 0.09626190 0.08939860 0.11018952 0.08969111 0.12269174 0.09691798 0.10758752 0.11564714 0.00801816 0.10110570 0.11068306 0.10755000 0.09946669 0.00000000 0.12155540 0.11071689 0.10919963 0.10732914 0.11079164 0.11071649 0.10359655 0.12613927 0.10362568 0.08947473 0.10549553 0.11055624 0.11185437 0.19396641 0.12627103 0.20471971 0.19268956 0.09798756 0.10433766 0.10624788 0.10249668 0.10652570 0.11662555 0.08967855 0.11867485 0.12668005 0.11869780 0.11884388 0.10432916 0.11225656 0.09870378 0.12573386 0.11133649 0.10592223 0.09927336 0.11691103 0.10840398 0.10689208 0.10122186 0.13436602 0.10912487 0.11526073 0.10073454 0.10658198 0.10169817 0.10132887 0.08971379 0.11319748 0.08939860 0.12207848 0.11632764 0.10399872 0.11616446 0.10718579 0.10787389 0.12816732 0.12250808 0.10638843 0.11355999 0.10400056 0.11575906 0.11423356 0.09787732 0.10511289 0.10381547 0.11245725 0.11439809 0.13401318 0.11067476 0.10215246 0.10057656 0.11569827 
STPN.0321.00026 0.12888879 0.13296115 0.12770668 0.22155404 0.12449503 0.13124713 0.12885680 0.13678285 0.12204590 0.11987556 0.12154471 0.11607885 0.11610532 0.12780649 0.11645647 0.14071725 0.11691294 0.11804361 0.12450949 0.12664634 0.11890937 0.12242895 0.12279541 0.11378558 0.12155540 0.00000000 0.13015771 0.12637632 0.12134889 0.12288916 0.13015722 0.11298692 0.14420415 0.11301357 0.11618516 0.11943705 0.12996101 0.13228807 0.20467348 0.13941990 0.22573418 0.20311213 0.11509202 0.11882501 0.11291276 0.12421334 0.11711866 0.12459258 0.11644337 0.12423706 0.13542780 0.12974704 0.12444292 0.11358055 0.12088779 0.11634861 0.11780291 0.13090920 0.12025045 0.11312567 0.12304704 0.11862202 0.12571812 0.11708091 0.14807058 0.12806944 0.10759983 0.11522618 0.11891852 0.11966713 0.11926274 0.11647948 0.13281420 0.11610532 0.13988401 0.16293072 0.11429071 0.12883380 0.12116235 0.12035715 0.14323981 0.14040607 0.12290584 0.12211292 0.11340121 0.13100902 0.12485150 0.11274766 0.11488173 0.11321124 0.12987196 0.12614153 0.15143047 0.12276725 0.11750058 0.11223063 0.12774725 
STPN.0321.00027 0.11927357 0.12096243 0.12081174 0.21964611 0.12394204 0.12464466 0.11945761 0.12720755 0.11731269 0.11342237 0.11799545 0.11064831 0.11301573 0.11718894 0.11334430 0.13093190 0.10675517 0.11628876 0.12016831 0.11728573 0.11592251 0.11526565 0.11499542 0.11323163 0.11071689 0.13015771 0.00000000 0.12258018 0.11542099 0.12634086 0.00002190 0.11162240 0.13237744 0.11164934 0.11309494 0.12063402 0.00010991 0.11940276 0.18954246 0.12775799 0.21734246 0.18984174 0.10571050 0.11135772 0.11570622 0.12509224 0.11243239 0.12179400 0.11333129 0.12368589 0.12799616 0.12012862 0.12391849 0.10874891 0.12469053 0.10693818 0.13130130 0.12155206 0.11569222 0.10584416 0.12157800 0.11354780 0.11697700 0.10868930 0.14213178 0.12065510 0.12210601 0.11310293 0.11482878 0.11532972 0.11495523 0.11336721 0.12633782 0.11301573 0.13216108 0.15492352 0.10988280 0.12284150 0.11523658 0.11606988 0.13773795 0.13061289 0.12118919 0.11640425 0.11183820 0.12914314 0.12034378 0.11026673 0.11340675 0.11184385 0.13070070 0.12238075 0.13768786 0.12602271 0.10951986 0.11158153 0.12369984 
STPN.0321.00028 0.11349770 0.11968910 0.11610384 0.21888194 0.11509029 0.03122033 0.11360026 0.12844533 0.11660107 0.11524147 0.06769147 0.11044246 0.11403018 0.12412191 0.11438973 0.13166250 0.10215609 0.11080549 0.12187836 0.11565684 0.11426320 0.11453442 0.11049055 0.10199610 0.10919963 0.12637632 0.12258018 0.00000000 0.07287459 0.11007664 0.12257972 0.10536558 0.13560823 0.10539432 0.11410979 0.11437967 0.12239692 0.12147891 0.19229785 0.12704145 0.21871894 0.19020626 0.10664195 0.10909006 0.11013213 0.11739055 0.10469015 0.11369022 0.11437666 0.11485008 0.12164876 0.11431911 0.11498302 0.10754581 0.11768899 0.10836640 0.13379994 0.12056193 0.11679153 0.10538569 0.11179223 0.10653628 0.12526756 0.10707553 0.13443001 0.11696112 0.11951650 0.10288131 0.10691152 0.11453215 0.11411623 0.11441273 0.11319353 0.11403018 0.13379187 0.15864690 0.10882870 0.11707045 0.07272531 0.11304393 0.12724554 0.13166624 0.10506874 0.06981599 0.10577502 0.11519188 0.09519502 0.10070079 0.10727298 0.10556277 0.12166297 0.09681167 0.14532282 0.10995944 0.11024352 0.10580590 0.10041917 
STPN.0321.00029 0.10540245 0.12573240 0.10699417 0.20808068 0.10636942 0.05148452 0.10528234 0.12370796 0.10985337 0.11249452 0.02102994 0.10321112 0.10187718 0.11676760 0.10221079 0.12714062 0.10562837 0.10170078 0.10552100 0.11390220 0.10848314 0.10371271 0.10662596 0.09481947 0.10732914 0.12134889 0.11542099 0.07287459 0.00000000 0.10937453 0.11533546 0.09964424 0.13510317 0.09966153 0.10195535 0.10488208 0.11516580 0.11728638 0.18460521 0.12059415 0.21565247 0.18365281 0.10279187 0.10943381 0.10034781 0.10598871 0.09973598 0.10507389 0.10219792 0.10614479 0.11348323 0.10623993 0.10634101 0.09273865 0.11255008 0.10566996 0.11879603 0.11903263 0.09962915 0.09967884 0.10846070 0.10187088 0.11447366 0.10674033 0.13500659 0.11522169 0.11290142 0.09780398 0.10657596 0.10918334 0.10879848 0.10223372 0.11356690 0.10187718 0.13207500 0.15648314 0.09011086 0.11453124 0.00031026 0.10708449 0.12969895 0.12681906 0.10695121 0.04671994 0.09992957 0.11722213 0.09460759 0.09691087 0.10139857 0.09978460 0.11785672 0.09723748 0.14078997 0.10925741 0.10365338 0.10121789 0.10133127 
STPN.0321.00030 0.10365586 0.12016950 0.10574250 0.21506295 0.10479185 0.11166772 0.10383344 0.12674703 0.11516774 0.11059084 0.11299765 0.10581704 0.10285426 0.12538649 0.10318967 0.13045422 0.10785178 0.08875591 0.11285076 0.11583442 0.10089400 0.10773125 0.11744785 0.10028658 0.11079164 0.12288916 0.12634086 0.11007664 0.10937453 0.00000000 0.12634038 0.11078699 0.13988691 0.11081426 0.10293248 0.07870855 0.12615080 0.12170153 0.18167927 0.11704068 0.21653501 0.17879683 0.10881989 0.11024284 0.04134223 0.11179841 0.09998514 0.10424525 0.10317680 0.10461413 0.11242583 0.10447574 0.10461033 0.09327842 0.10555347 0.11032276 0.12771680 0.12101960 0.11181542 0.10214566 0.10231566 0.10223923 0.11417019 0.10917856 0.03477396 0.11040040 0.11645069 0.10819300 0.10075991 0.10183435 0.10148770 0.10321259 0.11729392 0.10285426 0.13563531 0.15945436 0.10317099 0.10714701 0.10919113 0.11423009 0.04632581 0.13027398 0.10617737 0.10538899 0.11120962 0.02044859 0.10886004 0.10745992 0.11275479 0.11100765 0.12278442 0.10934322 0.14532058 0.00007728 0.10935192 0.10618851 0.11330251 
STPN.0321.00031 0.11918522 0.12096197 0.12072215 0.21946917 0.12384959 0.12455122 0.11936912 0.12720707 0.11722544 0.11342195 0.11799501 0.11056699 0.11301531 0.11710275 0.11334388 0.13093140 0.10675478 0.11620320 0.12016786 0.11719945 0.11583712 0.11526523 0.11499500 0.11323122 0.11071649 0.13015722 0.00002190 0.12257972 0.11533546 0.12634038 0.00000000 0.11162199 0.13227819 0.11164893 0.11309453 0.12054494 0.00010984 0.11940231 0.18939170 0.12766258 0.21734144 0.18969246 0.10563298 0.11135732 0.11562099 0.12499928 0.11243198 0.12170378 0.11333087 0.12359379 0.12790057 0.12003957 0.12382604 0.10866941 0.12459814 0.10685965 0.13120353 0.12146190 0.11560677 0.10576705 0.12148697 0.11346425 0.11689073 0.10860968 0.14202423 0.12056593 0.12201552 0.11301954 0.11474423 0.11524477 0.11487081 0.11336680 0.12624381 0.11301531 0.13206229 0.15480530 0.10980204 0.12275010 0.11515120 0.11598335 0.13763411 0.13051527 0.12109916 0.11631810 0.11175537 0.12904674 0.12025473 0.11018569 0.11332221 0.11176089 0.13060213 0.12228987 0.13758457 0.12602223 0.10951946 0.11149971 0.12360765 
STPN.0321.00032 0.11390445 0.12471752 0.11507265 0.21069022 0.11411129 0.10557639 0.11381378 0.11702945 0.09406530 0.10117619 0.10465509 0.09487543 0.09744316 0.11004628 0.09775473 0.12048961 0.09698499 0.10309939 0.10982113 0.11063827 0.10356510 0.10280319 0.03994616 0.09279635 0.10359655 0.11298692 0.11162240 0.10536558 0.09964424 0.11078699 0.11162199 0.00000000 0.12455483 0.00025529 0.09752085 0.10598887 0.11145856 0.10961346 0.19028899 0.12256136 0.20626285 0.18814982 0.09736179 0.08886822 0.10013357 0.10461926 0.10061328 0.10903497 0.09774193 0.11387166 0.12193044 0.11474352 0.11404270 0.09616557 0.10933900 0.09847823 0.12240335 0.11511845 0.10555624 0.09408053 0.11180019 0.10076633 0.10801392 0.09287198 0.13822339 0.11490331 0.11417053 0.09430627 0.10705673 0.10294706 0.10260970 0.09777764 0.11569475 0.09744316 0.12171725 0.15317305 0.10022475 0.11017361 0.09946287 0.10320808 0.13370037 0.12058939 0.09431599 0.10412178 0.00050053 0.11803008 0.11165318 0.03089248 0.00121961 0.00030023 0.11111854 0.11244690 0.13332404 0.11066904 0.09909054 0.09233477 0.11615892 
STPN.0321.00033 0.13451081 0.12111959 0.12984800 0.23686915 0.13243266 0.13983204 0.13454947 0.02219015 0.13521472 0.13277947 0.13464959 0.12918695 0.12884419 0.13496699 0.12923614 0.01887915 0.12807140 0.13393628 0.13514695 0.13105652 0.13074281 0.13049398 0.12813893 0.12337766 0.12613927 0.14420415 0.13237744 0.13560823 0.13510317 0.13988691 0.13227819 0.12455483 0.00000000 0.12457812 0.12892562 0.13905169 0.13207786 0.12627905 0.19147992 0.11987697 0.11379694 0.19253321 0.12253525 0.13192289 0.12868878 0.13161338 0.11845503 0.13520521 0.12922281 0.13222969 0.14197702 0.13539331 0.13246530 0.13199991 0.13863204 0.12474859 0.15629874 0.12779147 0.12460012 0.12488592 0.12967947 0.11890484 0.12418219 0.12938087 0.15002202 0.13605137 0.13709608 0.12582178 0.13576783 0.13160869 0.13120977 0.12925924 0.12928549 0.12884419 0.02493980 0.16111108 0.12652454 0.13110835 0.13491274 0.12801345 0.14522907 0.01890451 0.13709399 0.13347089 0.12490117 0.14652666 0.13897539 0.12582314 0.12656190 0.12472051 0.14930107 0.14215069 0.03816203 0.13953874 0.12535552 0.12539441 0.14182811 
STPN.0321.00034 0.11393080 0.12474076 0.11509868 0.21068687 0.11413765 0.10560528 0.11384014 0.11705483 0.09409716 0.10120605 0.10467089 0.09490696 0.09747396 0.11007361 0.09778549 0.12051403 0.09701598 0.10312864 0.10984863 0.11066543 0.10359428 0.10283255 0.03999214 0.09282845 0.10362568 0.11301357 0.11164934 0.10539432 0.09966153 0.11081426 0.11164893 0.00025529 0.12457812 0.00000000 0.09755163 0.10600414 0.11148552 0.10964094 0.19029234 0.12258524 0.20629086 0.18815381 0.09739279 0.08890140 0.10016373 0.10464816 0.10064324 0.10906260 0.09777270 0.11389806 0.12195451 0.11476963 0.11406909 0.09619671 0.10936653 0.09850888 0.12242715 0.11514436 0.10558491 0.09411225 0.11182733 0.10079626 0.10801660 0.09290405 0.13824278 0.11492927 0.11419673 0.09433802 0.10711086 0.10297642 0.10263907 0.09780840 0.11572059 0.09747396 0.12174128 0.15318795 0.10025489 0.11020098 0.09948021 0.10323767 0.13372107 0.12061377 0.09434780 0.10413770 0.00055599 0.11808166 0.11168008 0.03094058 0.00127520 0.00035573 0.11114581 0.11247363 0.13334470 0.11069634 0.09912090 0.09236698 0.11618465 
STPN.0321.00035 0.10594968 0.11651494 0.10870421 0.20962026 0.10542560 0.11154936 0.10581331 0.11974702 0.09873521 0.09722053 0.10557762 0.08853981 0.00006601 0.09901372 0.00054012 0.12337061 0.08812795 0.10152266 0.10635574 0.09685589 0.09512009 0.09822518 0.10137509 0.08895863 0.08947473 0.11618516 0.11309494 0.11410979 0.10195535 0.10293248 0.11309453 0.09752085 0.12892562 0.09755163 0.00000000 0.10067847 0.11292980 0.11509326 0.18752054 0.11974102 0.20739801 0.18450051 0.10245170 0.10019655 0.09700217 0.09211927 0.10217158 0.11039816 0.00052910 0.10520380 0.11465134 0.10675756 0.10539499 0.08844889 0.10790288 0.10328111 0.11893939 0.11592080 0.10055673 0.08355388 0.10487857 0.10385751 0.10538030 0.09808398 0.13030348 0.09900593 0.10675970 0.09348679 0.09787105 0.09613161 0.09580490 0.00057320 0.10672288 0.00006601 0.12494025 0.14512577 0.09858784 0.10738906 0.10177486 0.10161619 0.12481480 0.12315695 0.09888543 0.10652371 0.09792341 0.11115065 0.10475719 0.09210032 0.09937994 0.09772851 0.11379481 0.10696670 0.13567436 0.10281853 0.08482993 0.08215812 0.11182071 
STPN.0321.00036 0.11285026 0.13065250 0.11175900 0.21029385 0.11025849 0.11917186 0.11275507 0.12818124 0.11078023 0.10858926 0.11121054 0.09989636 0.10060096 0.12102231 0.10091687 0.13192262 0.10009062 0.07789898 0.10679160 0.11225792 0.09686814 0.10315081 0.11439430 0.09447644 0.10549553 0.11943705 0.12063402 0.11437967 0.10488208 0.07870855 0.12054494 0.10598887 0.13905169 0.10600414 0.10067847 0.00000000 0.12036720 0.11519500 0.18611519 0.12048152 0.22012355 0.18273984 0.10645327 0.10559391 0.07033090 0.10807426 0.10291444 0.11241484 0.10090411 0.11006144 0.12131990 0.11370622 0.11028296 0.09118860 0.10907492 0.10791062 0.11929150 0.11596969 0.10479216 0.09233436 0.11208316 0.10398390 0.10921981 0.10520973 0.10364365 0.11397725 0.11212166 0.09497626 0.10800389 0.09789398 0.09756287 0.10093964 0.11768519 0.10060096 0.13650455 0.15962551 0.10299671 0.11067523 0.10470108 0.11068679 0.10276626 0.13163841 0.10664225 0.10860007 0.10632012 0.08588448 0.11648979 0.10453221 0.10781679 0.10614742 0.12089041 0.11684041 0.14731940 0.07860377 0.10736265 0.10252704 0.11773262 
