32
BUMA.0721.00001 0.000000000 0.010572866 0.039971689 0.024167228 0.019120439 0.018941444 0.019688854 0.015168469 0.038930168 0.010752952 0.012233608 0.026859928 0.025727794 0.023284167 0.022631398 0.000076818 0.023574060 0.022651908 0.022844096 0.026796183 0.025377637 0.022740079 0.000115413 0.022487872 0.026128624 0.016833196 0.000115461 0.601384283 0.010398420 0.015417914 0.019132139 0.019531782 
BUMA.0721.00002 0.010572866 0.000000000 0.040538073 0.024049065 0.018703623 0.018088883 0.018926597 0.014343698 0.039707381 0.000201453 0.007328327 0.026359058 0.025093082 0.022493215 0.022082880 0.010465448 0.022853859 0.022108788 0.022317743 0.026467309 0.024929638 0.022195341 0.010462219 0.021941599 0.025746377 0.016131737 0.010477881 0.652979078 0.022051034 0.014598911 0.018305210 0.018675709 
BUMA.0721.00003 0.039971689 0.040538073 0.000000000 0.041978497 0.036025957 0.036401020 0.036946971 0.037192545 0.010474227 0.040403688 0.041516142 0.048764090 0.044384637 0.041859213 0.040580009 0.039847093 0.041902745 0.040730514 0.041069005 0.045158882 0.043763957 0.040779016 0.039723366 0.040582057 0.044532275 0.038995686 0.039976435 0.601662592 0.052881506 0.037636748 0.036749423 0.037109176 
BUMA.0721.00004 0.024167228 0.024049065 0.041978497 0.000000000 0.004513999 0.016413716 0.017002495 0.022075574 0.041543571 0.024080368 0.025343650 0.032499394 0.023005701 0.020562081 0.019995087 0.024063459 0.020895748 0.020021355 0.020189137 0.024035256 0.022668503 0.020094313 0.023976506 0.019865271 0.023419856 0.023987706 0.024120812 0.601048321 0.035863024 0.022361994 0.016511841 0.016862420 
BUMA.0721.00005 0.019120439 0.018703623 0.036025957 0.004513999 0.000000000 0.011705821 0.012136635 0.017119407 0.036001855 0.018761699 0.020121764 0.027300716 0.017976579 0.015509751 0.015106519 0.019022538 0.015926972 0.015141163 0.015256438 0.019067596 0.017690840 0.015190207 0.018946357 0.014972087 0.018466345 0.018749352 0.019058613 0.575384798 0.030478090 0.017329114 0.011711883 0.011871147 
BUMA.0721.00006 0.018941444 0.018088883 0.036401020 0.016413716 0.011705821 0.000000000 0.002477891 0.016669765 0.035529308 0.018132289 0.019786248 0.026741980 0.010823229 0.008350493 0.008200284 0.018751801 0.008892223 0.008231903 0.008274498 0.012004354 0.010478673 0.008246784 0.018780794 0.008036877 0.011359515 0.018454592 0.018759655 0.572206525 0.030035412 0.017002130 0.001654883 0.001728830 
BUMA.0721.00007 0.019688854 0.018926597 0.036946971 0.017002495 0.012136635 0.002477891 0.000000000 0.017461003 0.036238749 0.018974323 0.020599572 0.027537202 0.011023210 0.008501055 0.008345654 0.019557588 0.008941624 0.008292286 0.008333635 0.012067680 0.010773761 0.008406806 0.019513774 0.008095810 0.011551201 0.018990340 0.019474767 0.590750790 0.030991862 0.017588998 0.002134601 0.002189855 
BUMA.0721.00008 0.015168469 0.014343698 0.037192545 0.022075574 0.017119407 0.016669765 0.017461003 0.000000000 0.036163102 0.014469098 0.015996083 0.024402615 0.023318031 0.020898529 0.020311893 0.015033667 0.021224313 0.020355484 0.020525892 0.024394817 0.022982295 0.020419304 0.015018412 0.020185803 0.023719545 0.001951510 0.015039484 0.580947965 0.026022716 0.000720472 0.016869728 0.017302623 
BUMA.0721.00009 0.038930168 0.039707381 0.010474227 0.041543571 0.036001855 0.035529308 0.036238749 0.036163102 0.000000000 0.039684823 0.040916318 0.048026536 0.043060435 0.040666996 0.039328736 0.038730388 0.040731724 0.039588961 0.039908157 0.043926783 0.042360155 0.039410548 0.038755362 0.039452828 0.043191763 0.037954831 0.038773428 0.597900593 0.051466159 0.036448733 0.036226320 0.036896271 
BUMA.0721.00010 0.010752952 0.000201453 0.040403688 0.024080368 0.018761699 0.018132289 0.018974323 0.014469098 0.039684823 0.000000000 0.007505285 0.026448867 0.025136996 0.022499978 0.022156932 0.010607607 0.022916398 0.022182153 0.022377779 0.026505621 0.024997225 0.022214803 0.010547080 0.021953316 0.025741855 0.016235486 0.010594032 0.643813980 0.022112453 0.014711818 0.018251078 0.018804070 
BUMA.0721.00011 0.012233608 0.007328327 0.041516142 0.025343650 0.020121764 0.019786248 0.020599572 0.015996083 0.040916318 0.007505285 0.000000000 0.027820771 0.027136849 0.024615196 0.023886616 0.012138784 0.024891017 0.023914827 0.024063014 0.028222585 0.026554542 0.023936054 0.012076464 0.023753359 0.027516860 0.017741586 0.012131123 0.633382286 0.023524606 0.016242286 0.019878041 0.020394448 
BUMA.0721.00012 0.026859928 0.026359058 0.048764090 0.032499394 0.027300716 0.026741980 0.027537202 0.024402615 0.048026536 0.026448867 0.027820771 0.000000000 0.033951477 0.031564372 0.030718281 0.026786585 0.031780839 0.030752578 0.031024616 0.034897717 0.033524780 0.030773856 0.026790463 0.030531220 0.034130358 0.026242291 0.026728396 0.613793561 0.038605922 0.024686766 0.027039917 0.027567366 
BUMA.0721.00013 0.025727794 0.025093082 0.044384637 0.023005701 0.017976579 0.010823229 0.011023210 0.023318031 0.043060435 0.025136996 0.027136849 0.033951477 0.000000000 0.002614505 0.002404917 0.025566126 0.003301229 0.002749643 0.002735633 0.006567200 0.005143501 0.002450166 0.025571775 0.002714862 0.005527256 0.025140023 0.025579603 0.616284410 0.031630740 0.023475775 0.010588573 0.010823617 
BUMA.0721.00014 0.023284167 0.022493215 0.041859213 0.020562081 0.015509751 0.008350493 0.008501055 0.020898529 0.040666996 0.022499978 0.024615196 0.031564372 0.002614505 0.000000000 0.000154341 0.023131418 0.000811297 0.000269530 0.000233998 0.004112727 0.002644737 0.000193373 0.023011563 0.000231717 0.003295995 0.022665895 0.023037144 0.622530574 0.035175891 0.021037833 0.008077942 0.008251431 
BUMA.0721.00015 0.022631398 0.022082880 0.040580009 0.019995087 0.015106519 0.008200284 0.008345654 0.020311893 0.039328736 0.022156932 0.023886616 0.030718281 0.002404917 0.000154341 0.000000000 0.022488170 0.000873155 0.000337715 0.000302745 0.004067703 0.002656931 0.000037536 0.022488082 0.000300493 0.003051944 0.022041061 0.022494824 0.600185605 0.034151341 0.020451585 0.007923739 0.008082485 
BUMA.0721.00016 0.000076818 0.010465448 0.039847093 0.024063459 0.019022538 0.018751801 0.019557588 0.015033667 0.038730388 0.010607607 0.012138784 0.026786585 0.025566126 0.023131418 0.022488170 0.000000000 0.023423232 0.022499847 0.022702270 0.026637351 0.025221975 0.022599420 0.000038294 0.022342037 0.025971710 0.016703459 0.000038342 0.599315251 0.010264898 0.015278176 0.018979702 0.019436155 
BUMA.0721.00017 0.023574060 0.022853859 0.041902745 0.020895748 0.015926972 0.008892223 0.008941624 0.021224313 0.040731724 0.022916398 0.024891017 0.031780839 0.003301229 0.000811297 0.000873155 0.023423232 0.000000000 0.000907060 0.000880242 0.004579500 0.003272022 0.000915280 0.023347928 0.000875650 0.003976518 0.023008362 0.023431999 0.606936478 0.035320982 0.021401946 0.008631956 0.008811808 
BUMA.0721.00018 0.022651908 0.022108788 0.040730514 0.020021355 0.015141163 0.008231903 0.008292286 0.020355484 0.039588961 0.022182153 0.023914827 0.030752578 0.002749643 0.000269530 0.000337715 0.022499847 0.000907060 0.000000000 0.000037749 0.003998162 0.002695478 0.000375739 0.022426974 0.000338063 0.003394996 0.022063766 0.022506517 0.600002035 0.034195156 0.020494575 0.007965321 0.008147400 
BUMA.0721.00019 0.022844096 0.022317743 0.041069005 0.020189137 0.015256438 0.008274498 0.008333635 0.020525892 0.039908157 0.022377779 0.024063014 0.031024616 0.002735633 0.000233998 0.000302745 0.022702270 0.000880242 0.000037749 0.000000000 0.003995323 0.002673997 0.000340629 0.022699249 0.000303136 0.003386844 0.022289066 0.022709449 0.607871059 0.034481237 0.020678614 0.007982088 0.008188376 
BUMA.0721.00020 0.026796183 0.026467309 0.045158882 0.024035256 0.019067596 0.012004354 0.012067680 0.024394817 0.043926783 0.026505621 0.028222585 0.034897717 0.006567200 0.004112727 0.004067703 0.026637351 0.004579500 0.003998162 0.003995323 0.000000000 0.001855277 0.004123966 0.026641003 0.003966273 0.007169189 0.026225960 0.026652952 0.612329126 0.038507089 0.024568038 0.011768675 0.012022395 
BUMA.0721.00021 0.025377637 0.024929638 0.043763957 0.022668503 0.017690840 0.010478673 0.010773761 0.022982295 0.042360155 0.024997225 0.026554542 0.033524780 0.005143501 0.002644737 0.002656931 0.025221975 0.003272022 0.002695478 0.002673997 0.001855277 0.000000000 0.002695210 0.025176307 0.002662111 0.005763489 0.024768506 0.025187642 0.615734426 0.037052440 0.023139151 0.010445191 0.010710873 
BUMA.0721.00022 0.022740079 0.022195341 0.040779016 0.020094313 0.015190207 0.008246784 0.008406806 0.020419304 0.039410548 0.022214803 0.023936054 0.030773856 0.002450166 0.000193373 0.000037536 0.022599420 0.000915280 0.000375739 0.000340629 0.004123966 0.002695210 0.000000000 0.022596244 0.000338209 0.003091038 0.022068455 0.022550456 0.600273272 0.034298161 0.020479591 0.007949194 0.008144472 
BUMA.0721.00023 0.000115413 0.010462219 0.039723366 0.023976506 0.018946357 0.018780794 0.019513774 0.015018412 0.038755362 0.010547080 0.012076464 0.026790463 0.025571775 0.023011563 0.022488082 0.000038294 0.023347928 0.022426974 0.022699249 0.026641003 0.025176307 0.022596244 0.000000000 0.022338435 0.025974235 0.016662887 0.000000037 0.597394210 0.010243110 0.015237976 0.018869314 0.019466161 
BUMA.0721.00024 0.022487872 0.021941599 0.040582057 0.019865271 0.014972087 0.008036877 0.008095810 0.020185803 0.039452828 0.021953316 0.023753359 0.030531220 0.002714862 0.000231717 0.000300493 0.022342037 0.000875650 0.000338063 0.000303136 0.003966273 0.002662111 0.000338209 0.022338435 0.000000000 0.003353080 0.021926886 0.022293272 0.601908483 0.033900197 0.020335353 0.007765608 0.007944013 
BUMA.0721.00025 0.026128624 0.025746377 0.044532275 0.023419856 0.018466345 0.011359515 0.011551201 0.023719545 0.043191763 0.025741855 0.027516860 0.034130358 0.005527256 0.003295995 0.003051944 0.025971710 0.003976518 0.003394996 0.003386844 0.007169189 0.005763489 0.003091038 0.025974235 0.003353080 0.000000000 0.025553901 0.025921470 0.612403096 0.037818946 0.023905652 0.011128838 0.011368326 
BUMA.0721.00026 0.016833196 0.016131737 0.038995686 0.023987706 0.018749352 0.018454592 0.018990340 0.001951510 0.037954831 0.016235486 0.017741586 0.026242291 0.025140023 0.022665895 0.022041061 0.016703459 0.023008362 0.022063766 0.022289066 0.026225960 0.024768506 0.022068455 0.016662887 0.021926886 0.025553901 0.000000000 0.016646314 0.605687669 0.027951731 0.001223974 0.018581288 0.018896485 
BUMA.0721.00027 0.000115461 0.010477881 0.039976435 0.024120812 0.019058613 0.018759655 0.019474767 0.015039484 0.038773428 0.010594032 0.012131123 0.026728396 0.025579603 0.023037144 0.022494824 0.000038342 0.023431999 0.022506517 0.022709449 0.026652952 0.025187642 0.022550456 0.000000037 0.022293272 0.025921470 0.016646314 0.000000000 0.604544344 0.010257430 0.015237976 0.018951473 0.019400149 
BUMA.0721.00028 0.601384283 0.652979078 0.601662592 0.601048321 0.575384798 0.572206525 0.590750790 0.580947965 0.597900593 0.643813980 0.633382286 0.613793561 0.616284410 0.622530574 0.600185605 0.599315251 0.606936478 0.600002035 0.607871059 0.612329126 0.615734426 0.600273272 0.597394210 0.601908483 0.612403096 0.605687669 0.604544344 0.000000000 0.651690734 0.596933763 0.584728518 0.608332479 
BUMA.0721.00029 0.010398420 0.022051034 0.052881506 0.035863024 0.030478090 0.030035412 0.030991862 0.026022716 0.051466159 0.022112453 0.023524606 0.038605922 0.031630740 0.035175891 0.034151341 0.010264898 0.035320982 0.034195156 0.034481237 0.038507089 0.037052440 0.034298161 0.010243110 0.033900197 0.037818946 0.027951731 0.010257430 0.651690734 0.000000000 0.026358842 0.030505030 0.031231321 
BUMA.0721.00030 0.015417914 0.014598911 0.037636748 0.022361994 0.017329114 0.017002130 0.017588998 0.000720472 0.036448733 0.014711818 0.016242286 0.024686766 0.023475775 0.021037833 0.020451585 0.015278176 0.021401946 0.020494575 0.020678614 0.024568038 0.023139151 0.020479591 0.015237976 0.020335353 0.023905652 0.001223974 0.015237976 0.596933763 0.026358842 0.000000000 0.017104974 0.017442342 
BUMA.0721.00031 0.019132139 0.018305210 0.036749423 0.016511841 0.011711883 0.001654883 0.002134601 0.016869728 0.036226320 0.018251078 0.019878041 0.027039917 0.010588573 0.008077942 0.007923739 0.018979702 0.008631956 0.007965321 0.007982088 0.011768675 0.010445191 0.007949194 0.018869314 0.007765608 0.011128838 0.018581288 0.018951473 0.584728518 0.030505030 0.017104974 0.000000000 0.000115117 
BUMA.0721.00032 0.019531782 0.018675709 0.037109176 0.016862420 0.011871147 0.001728830 0.002189855 0.017302623 0.036896271 0.018804070 0.020394448 0.027567366 0.010823617 0.008251431 0.008082485 0.019436155 0.008811808 0.008147400 0.008188376 0.012022395 0.010710873 0.008144472 0.019466161 0.007944013 0.011368326 0.018896485 0.019400149 0.608332479 0.031231321 0.017442342 0.000115117 0.000000000 
