22
LEPN.0521.00001 0.000000000 0.433886526 0.116573081 0.116498362 0.392690090 0.895972551 0.887022186 0.895191509 0.883139546 0.882889570 0.400489583 0.407298129 0.382546870 0.371994548 0.359144844 0.388279545 0.375015949 0.141080906 0.104732394 0.415690084 0.386666976 0.139717743 
LEPN.0521.00002 0.433886526 0.000000000 0.432010437 0.431802490 0.254234449 0.975938161 1.014304568 0.975022522 1.009931672 1.009634980 0.112404333 0.092184677 0.072801788 0.075629466 0.159426671 0.167899061 0.071078026 0.461252402 0.470386703 0.083401844 0.098762883 0.455451267 
LEPN.0521.00003 0.116573081 0.432010437 0.000000000 0.000057425 0.413469343 0.956026145 0.944198706 0.955142910 0.940021440 0.939750282 0.411050072 0.410532901 0.390890481 0.373147476 0.363132856 0.401532868 0.385757981 0.165190658 0.129342476 0.412231538 0.389527534 0.163458027 
LEPN.0521.00004 0.116498362 0.431802490 0.000057425 0.000000000 0.413277228 0.955759762 0.943934764 0.954876895 0.939759106 0.939488056 0.410852593 0.410335538 0.390702406 0.372968062 0.362957235 0.401445742 0.385572377 0.165111501 0.129212537 0.412033225 0.389407518 0.163379988 
LEPN.0521.00005 0.392690090 0.254234449 0.413469343 0.413277228 0.000000000 0.872004253 0.870391989 0.871243358 0.866621084 0.866625776 0.229779533 0.246762401 0.217322547 0.212320095 0.178920748 0.218951131 0.208361366 0.455012028 0.402505513 0.236860468 0.223274555 0.448867530 
LEPN.0521.00006 0.895972551 0.975938161 0.956026145 0.955759762 0.872004253 0.000000000 0.030089944 0.000044714 0.030005595 0.030005694 0.978031943 0.990686334 0.948748826 0.968786605 0.959319760 0.940205787 0.948089103 0.916296551 0.944761404 1.008525398 0.992074369 0.903809523 
LEPN.0521.00007 0.887022186 1.014304568 0.944198706 0.943934764 0.870391989 0.030089944 0.000000000 0.030077542 0.000201402 0.000201403 0.986900530 0.978234929 0.980459964 0.976759387 0.951670089 0.970450763 0.967447457 0.965188602 0.917625105 1.023473693 1.000980143 0.951414298 
LEPN.0521.00008 0.895191509 0.975022522 0.955142910 0.954876895 0.871243358 0.000044714 0.030077542 0.000000000 0.029993244 0.029993342 0.977127486 0.989752243 0.947894887 0.967880261 0.958412533 0.939361322 0.947236055 0.915474582 0.943880703 1.007600689 0.991139006 0.903009175 
LEPN.0521.00009 0.883139546 1.009931672 0.940021440 0.939759106 0.866621084 0.030005595 0.000201402 0.029993244 0.000000000 0.000008928 0.982530194 0.973921468 0.976258745 0.972452767 0.947449410 0.966385171 0.963187373 0.960996039 0.913510511 1.018917012 0.996543134 0.947329316 
LEPN.0521.00010 0.882889570 1.009634980 0.939750282 0.939488056 0.866625776 0.030005694 0.000201403 0.029993342 0.000008928 0.000000000 0.982242776 0.973637898 0.975973982 0.972169666 0.947174662 0.966103787 0.962907454 0.960711807 0.913245869 1.018616867 0.996251147 0.947052471 
LEPN.0521.00011 0.400489583 0.112404333 0.411050072 0.410852593 0.229779533 0.978031943 0.986900530 0.977127486 0.982530194 0.982242776 0.000000000 0.092027331 0.065825875 0.057456089 0.126892743 0.141241870 0.053872084 0.462737947 0.416859413 0.096458554 0.069173745 0.456976725 
LEPN.0521.00012 0.407298129 0.092184677 0.410532901 0.410335538 0.246762401 0.990686334 0.978234929 0.989752243 0.973921468 0.973637898 0.092027331 0.000000000 0.060229126 0.056108166 0.132035531 0.140075192 0.046828281 0.436892325 0.424900154 0.059871108 0.050298417 0.431359773 
LEPN.0521.00013 0.382546870 0.072801788 0.390890481 0.390702406 0.217322547 0.948748826 0.980459964 0.947894887 0.976258745 0.975973982 0.065825875 0.060229126 0.000000000 0.041750658 0.105181020 0.112933180 0.026281357 0.414700000 0.405899344 0.066810003 0.054858588 0.409474058 
LEPN.0521.00014 0.371994548 0.075629466 0.373147476 0.372968062 0.212320095 0.968786605 0.976759387 0.967880261 0.972452767 0.972169666 0.057456089 0.056108166 0.041750658 0.000000000 0.104853820 0.122771856 0.036789589 0.420661660 0.397868431 0.061153205 0.025468115 0.415380295 
LEPN.0521.00015 0.359144844 0.159426671 0.363132856 0.362957235 0.178920748 0.959319760 0.951670089 0.958412533 0.947449410 0.947174662 0.126892743 0.132035531 0.105181020 0.104853820 0.000000000 0.077960408 0.095754105 0.416575527 0.363195222 0.139582617 0.118634686 0.411691607 
LEPN.0521.00016 0.388279545 0.167899061 0.401532868 0.401445742 0.218951131 0.940205787 0.970450763 0.939361322 0.966385171 0.966103787 0.141241870 0.140075192 0.112933180 0.122771856 0.077960408 0.000000000 0.097556414 0.418204527 0.387596914 0.154063256 0.136308288 0.413164408 
LEPN.0521.00017 0.375015949 0.071078026 0.385757981 0.385572377 0.208361366 0.948089103 0.967447457 0.947236055 0.963187373 0.962907454 0.053872084 0.046828281 0.026281357 0.036789589 0.095754105 0.097556414 0.000000000 0.416730893 0.389810405 0.062042000 0.048635449 0.411484920 
LEPN.0521.00018 0.141080906 0.461252402 0.165190658 0.165111501 0.455012028 0.916296551 0.965188602 0.915474582 0.960996039 0.960711807 0.462737947 0.436892325 0.414700000 0.420661660 0.416575527 0.418204527 0.416730893 0.000000000 0.119634765 0.449651681 0.432767569 0.002906374 
LEPN.0521.00019 0.104732394 0.470386703 0.129342476 0.129212537 0.402505513 0.944761404 0.917625105 0.943880703 0.913510511 0.913245869 0.416859413 0.424900154 0.405899344 0.397868431 0.363195222 0.387596914 0.389810405 0.119634765 0.000000000 0.441573224 0.413036258 0.118470811 
LEPN.0521.00020 0.415690084 0.083401844 0.412231538 0.412033225 0.236860468 1.008525398 1.023473693 1.007600689 1.018917012 1.018616867 0.096458554 0.059871108 0.066810003 0.061153205 0.139582617 0.154063256 0.062042000 0.449651681 0.441573224 0.000000000 0.069010523 0.444097313 
LEPN.0521.00021 0.386666976 0.098762883 0.389527534 0.389407518 0.223274555 0.992074369 1.000980143 0.991139006 0.996543134 0.996251147 0.069173745 0.050298417 0.054858588 0.025468115 0.118634686 0.136308288 0.048635449 0.432767569 0.413036258 0.069010523 0.000000000 0.427295454 
LEPN.0521.00022 0.139717743 0.455451267 0.163458027 0.163379988 0.448867530 0.903809523 0.951414298 0.903009175 0.947329316 0.947052471 0.456976725 0.431359773 0.409474058 0.415380295 0.411691607 0.413164408 0.411484920 0.002906374 0.118470811 0.444097313 0.427295454 0.000000000 
