32
BUMA.0521.00001 0.000000000 0.022458526 0.022649225 0.026113069 0.040064517 0.030096153 0.089558502 0.041500541 0.047733656 0.086096916 0.042681996 0.052164295 0.054300025 0.054063652 0.050065751 0.046844283 0.039613327 0.000142047 0.046848646 0.049428769 0.055409209 0.052851496 0.047208961 0.046630999 0.000213704 0.046610336 0.054073894 0.034186087 0.000214900 0.031219529 0.021284987 0.040998956 
BUMA.0521.00002 0.022458526 0.000000000 0.000390029 0.016932411 0.040270518 0.030027222 0.098103257 0.043669738 0.049259028 0.094839519 0.043427802 0.055795917 0.055730456 0.055139304 0.050440137 0.048165395 0.039732075 0.022190294 0.048186777 0.050077878 0.057737762 0.054830605 0.048578374 0.047946564 0.022270430 0.047956471 0.056165971 0.034643936 0.022360750 0.031150601 0.049006878 0.041327639 
BUMA.0521.00003 0.022649225 0.000390029 0.000000000 0.017124358 0.039758772 0.029960467 0.096649547 0.043149072 0.048741421 0.093502040 0.042876948 0.055070736 0.055630694 0.054519836 0.049889309 0.047738823 0.038988922 0.022223200 0.047756553 0.049578549 0.057091677 0.054317656 0.047897337 0.047520401 0.022062856 0.047246517 0.055336307 0.034600158 0.022381397 0.031154888 0.048506993 0.041160008 
BUMA.0521.00004 0.026113069 0.016932411 0.017124358 0.000000000 0.043459949 0.033551079 0.097320317 0.045984802 0.052809332 0.095256023 0.046442331 0.057431392 0.058351741 0.060035802 0.055917009 0.052003486 0.042596917 0.025900392 0.052036036 0.054973374 0.061290720 0.058016504 0.052130013 0.051834089 0.025732647 0.051829088 0.059798252 0.038079739 0.026102588 0.034743395 0.051564605 0.044550439 
BUMA.0521.00005 0.040064517 0.040270518 0.039758772 0.043459949 0.000000000 0.034379739 0.081550087 0.026603180 0.017511413 0.078590087 0.007840933 0.036127974 0.053757153 0.022492155 0.018066223 0.017217146 0.004409747 0.039460935 0.017264466 0.018744285 0.024415415 0.021618873 0.017320989 0.017065779 0.039663535 0.016894767 0.023161661 0.039029969 0.039784349 0.035859121 0.064921255 0.004639076 
BUMA.0521.00006 0.030096153 0.030027222 0.029960467 0.033551079 0.034379739 0.000000000 0.082009456 0.036825328 0.041789074 0.078209309 0.037070860 0.047090742 0.048183840 0.047705029 0.043695407 0.040937797 0.033984117 0.029736304 0.041035836 0.043337804 0.049158554 0.046593705 0.041282944 0.040823990 0.029751904 0.040767698 0.047793033 0.004716483 0.029982506 0.002424401 0.053578548 0.035466939 
BUMA.0521.00007 0.089558502 0.098103257 0.096649547 0.097320317 0.081550087 0.082009456 0.000000000 0.077958798 0.092859729 0.021293542 0.081013974 0.092681436 0.105493546 0.101305437 0.097223603 0.090391120 0.081294547 0.089202456 0.090995445 0.095009887 0.100933154 0.098848832 0.091341921 0.090564416 0.088738519 0.090859093 0.099793857 0.086186081 0.090029617 0.083456193 0.123150467 0.082735871 
BUMA.0521.00008 0.041500541 0.043669738 0.043149072 0.045984802 0.026603180 0.036825328 0.077958798 0.000000000 0.033038461 0.078585262 0.026147164 0.008311300 0.055665712 0.038731357 0.034490200 0.032407394 0.025551085 0.041273018 0.032466954 0.034496360 0.040214254 0.037799267 0.032669741 0.032204581 0.041045683 0.032206975 0.039137539 0.040884184 0.041743225 0.037853090 0.067406074 0.026014522 
BUMA.0521.00009 0.047733656 0.049259028 0.048741421 0.052809332 0.017511413 0.041789074 0.092859729 0.033038461 0.000000000 0.088418112 0.018406810 0.043265914 0.062995849 0.005098885 0.000442897 0.000555951 0.015875188 0.047320260 0.000069174 0.001631938 0.007363438 0.004875051 0.000625676 0.000416909 0.047397140 0.000557326 0.006243133 0.046656742 0.047707387 0.042837812 0.074797220 0.016518923 
BUMA.0521.00010 0.086096916 0.094839519 0.093502040 0.095256023 0.078590087 0.078209309 0.021293542 0.078585262 0.088418112 0.000000000 0.076090373 0.091416475 0.102317215 0.096178596 0.092872967 0.085877135 0.079765691 0.085396344 0.086740751 0.090480837 0.096183372 0.093573339 0.086244035 0.086338239 0.085615759 0.086646416 0.094751788 0.082685088 0.086213186 0.079284197 0.117476059 0.082230380 
BUMA.0521.00011 0.042681996 0.043427802 0.042876948 0.046442331 0.007840933 0.037070860 0.081013974 0.026147164 0.018406810 0.076090373 0.000000000 0.036123697 0.054821983 0.023729172 0.019110583 0.018192790 0.006100278 0.042306828 0.018147561 0.019608921 0.025336064 0.022970625 0.018357042 0.017855227 0.042213620 0.017770832 0.024338239 0.040978764 0.042273979 0.037995560 0.068467459 0.006236849 
BUMA.0521.00012 0.052164295 0.055795917 0.055070736 0.057431392 0.036127974 0.047090742 0.092681436 0.008311300 0.043265914 0.091416475 0.036123697 0.000000000 0.066743416 0.049345778 0.045299325 0.042445214 0.035293699 0.051911621 0.042472184 0.044872182 0.050541468 0.048184449 0.042773467 0.042278884 0.051638284 0.042267680 0.049412527 0.052341102 0.052542290 0.048431254 0.079507214 0.036515121 
BUMA.0521.00013 0.054300025 0.055730456 0.055630694 0.058351741 0.053757153 0.048183840 0.105493546 0.055665712 0.062995849 0.102317215 0.054821983 0.066743416 0.000000000 0.069469040 0.065402549 0.061765333 0.053763526 0.054173986 0.061830073 0.064783467 0.070373842 0.067970881 0.061908200 0.061626623 0.054271356 0.061355145 0.068637953 0.053028512 0.054077098 0.049525671 0.081406648 0.055752794 
BUMA.0521.00014 0.054063652 0.055139304 0.054519836 0.060035802 0.022492155 0.047705029 0.101305437 0.038731357 0.005098885 0.096178596 0.023729172 0.049345778 0.069469040 0.000000000 0.004947555 0.004446782 0.021069778 0.053563848 0.005086302 0.006131847 0.012192059 0.009536258 0.004541981 0.004872721 0.053679497 0.005027233 0.010259027 0.052871699 0.054021977 0.048817635 0.069796003 0.021806828 
BUMA.0521.00015 0.050065751 0.050440137 0.049889309 0.055917009 0.018066223 0.043695407 0.097223603 0.034490200 0.000442897 0.092872967 0.019110583 0.045299325 0.065402549 0.004947555 0.000000000 0.000289375 0.016401989 0.049590339 0.000504567 0.001522925 0.007740274 0.004915393 0.000363286 0.000289406 0.049176451 0.000434784 0.006200410 0.048478109 0.049325785 0.044536866 0.078605173 0.017012173 
BUMA.0521.00016 0.046844283 0.048165395 0.047738823 0.052003486 0.017217146 0.040937797 0.090391120 0.032407394 0.000555951 0.085877135 0.018192790 0.042445214 0.061765333 0.004446782 0.000289375 0.000000000 0.015652982 0.046430047 0.000615831 0.001607741 0.007432478 0.004816981 0.000068455 0.000409703 0.046515599 0.000548400 0.005579090 0.045622769 0.046801116 0.041912842 0.073330828 0.016111182 
BUMA.0521.00017 0.039613327 0.039732075 0.038988922 0.042596917 0.004409747 0.033984117 0.081294547 0.025551085 0.015875188 0.079765691 0.006100278 0.035293699 0.053763526 0.021069778 0.016401989 0.015652982 0.000000000 0.039162325 0.015738530 0.017225017 0.023009901 0.020518016 0.015677935 0.015525038 0.038804010 0.015351324 0.021773238 0.038410555 0.039168728 0.035158324 0.065582413 0.000214056 
BUMA.0521.00018 0.000142047 0.022190294 0.022223200 0.025900392 0.039460935 0.029736304 0.089202456 0.041273018 0.047320260 0.085396344 0.042306828 0.051911621 0.054173986 0.053563848 0.049590339 0.046430047 0.039162325 0.000000000 0.046399424 0.048976553 0.054930475 0.052380893 0.046803484 0.046182838 0.000070731 0.046185388 0.053602814 0.033837544 0.000071231 0.030834772 0.020927111 0.040781754 
BUMA.0521.00019 0.046848646 0.048186777 0.047756553 0.052036036 0.017264466 0.041035836 0.090995445 0.032466954 0.000069174 0.086740751 0.018147561 0.042472184 0.061830073 0.005086302 0.000504567 0.000615831 0.015738530 0.046399424 0.000000000 0.001664409 0.007315034 0.004889371 0.000685993 0.000478496 0.046199368 0.000617060 0.006212586 0.045635468 0.046769282 0.042006975 0.073433303 0.016283828 
BUMA.0521.00020 0.049428769 0.050077878 0.049578549 0.054973374 0.018744285 0.043337804 0.095009887 0.034496360 0.001631938 0.090480837 0.019608921 0.044872182 0.064783467 0.006131847 0.001522925 0.001607741 0.017225017 0.048976553 0.001664409 0.000000000 0.008461369 0.006019281 0.001691820 0.001471872 0.048763588 0.001616285 0.007359403 0.048313513 0.049383634 0.044502633 0.076998024 0.017766288 
BUMA.0521.00021 0.055409209 0.057737762 0.057091677 0.061290720 0.024415415 0.049158554 0.100933154 0.040214254 0.007363438 0.096183372 0.025336064 0.050541468 0.070373842 0.012192059 0.007740274 0.007432478 0.023009901 0.054930475 0.007315034 0.008461369 0.000000000 0.003336924 0.007563695 0.007106777 0.055032346 0.007265443 0.013164759 0.054299899 0.055389761 0.050311727 0.082667544 0.023787871 
BUMA.0521.00022 0.052851496 0.054830605 0.054317656 0.058016504 0.021618873 0.046593705 0.098848832 0.037799267 0.004875051 0.093573339 0.022970625 0.048184449 0.067970881 0.009536258 0.004915393 0.004816981 0.020518016 0.052380893 0.004889371 0.006019281 0.003336924 0.000000000 0.004888593 0.004664566 0.052281058 0.004834787 0.010570689 0.051569140 0.052623676 0.047680746 0.080027179 0.021358506 
BUMA.0521.00023 0.047208961 0.048578374 0.047897337 0.052130013 0.017320989 0.041282944 0.091341921 0.032669741 0.000625676 0.086244035 0.018357042 0.042773467 0.061908200 0.004541981 0.000363286 0.000068455 0.015677935 0.046803484 0.000685993 0.001691820 0.007563695 0.004888593 0.000000000 0.000480394 0.046877657 0.000617505 0.005653056 0.045649703 0.046946252 0.041943449 0.073881893 0.016271716 
BUMA.0521.00024 0.046630999 0.047946564 0.047520401 0.051834089 0.017065779 0.040823990 0.090564416 0.032204581 0.000416909 0.086338239 0.017855227 0.042278884 0.061626623 0.004872721 0.000289406 0.000409703 0.015525038 0.046182838 0.000478496 0.001471872 0.007106777 0.004664566 0.000480394 0.000000000 0.046087424 0.000411238 0.006003512 0.045294332 0.046381733 0.041606005 0.072797917 0.016033079 
BUMA.0521.00025 0.000213704 0.022270430 0.022062856 0.025732647 0.039663535 0.029751904 0.088738519 0.041045683 0.047397140 0.085615759 0.042213620 0.051638284 0.054271356 0.053679497 0.049176451 0.046515599 0.038804010 0.000070731 0.046199368 0.048763588 0.055032346 0.052281058 0.046877657 0.046087424 0.000000000 0.046257168 0.053700198 0.033758728 0.000000035 0.030757308 0.020919471 0.040998562 
BUMA.0521.00026 0.046610336 0.047956471 0.047246517 0.051829088 0.016894767 0.040767698 0.090859093 0.032206975 0.000557326 0.086646416 0.017770832 0.042267680 0.061355145 0.005027233 0.000434784 0.000548400 0.015351324 0.046185388 0.000617060 0.001616285 0.007265443 0.004834787 0.000617505 0.000411238 0.046257168 0.000000000 0.006129281 0.045506616 0.046324546 0.041782960 0.072638627 0.015884440 
BUMA.0521.00027 0.054073894 0.056165971 0.055336307 0.059798252 0.023161661 0.047793033 0.099793857 0.039137539 0.006243133 0.094751788 0.024338239 0.049412527 0.068637953 0.010259027 0.006200410 0.005579090 0.021773238 0.053602814 0.006212586 0.007359403 0.013164759 0.010570689 0.005653056 0.006003512 0.053700198 0.006129281 0.000000000 0.052941035 0.053779199 0.048990909 0.081255696 0.022502830 
BUMA.0521.00028 0.034186087 0.034643936 0.034600158 0.038079739 0.039029969 0.004716483 0.086186081 0.040884184 0.046656742 0.082685088 0.040978764 0.052341102 0.053028512 0.052871699 0.048478109 0.045622769 0.038410555 0.033837544 0.045635468 0.048313513 0.054299899 0.051569140 0.045649703 0.045294332 0.033758728 0.045506616 0.052941035 0.000000000 0.033727585 0.002247795 0.058749497 0.039626028 
BUMA.0521.00029 0.000214900 0.022360750 0.022381397 0.026102588 0.039784349 0.029982506 0.090029617 0.041743225 0.047707387 0.086213186 0.042273979 0.052542290 0.054077098 0.054021977 0.049325785 0.046801116 0.039168728 0.000071231 0.046769282 0.049383634 0.055389761 0.052623676 0.046946252 0.046381733 0.000000035 0.046324546 0.053779199 0.033727585 0.000000000 0.030786834 0.021079513 0.040951638 
BUMA.0521.00030 0.031219529 0.031150601 0.031154888 0.034743395 0.035859121 0.002424401 0.083456193 0.037853090 0.042837812 0.079284197 0.037995560 0.048431254 0.049525671 0.048817635 0.044536866 0.041912842 0.035158324 0.030834772 0.042006975 0.044502633 0.050311727 0.047680746 0.041943449 0.041606005 0.030757308 0.041782960 0.048990909 0.002247795 0.030786834 0.000000000 0.055059844 0.036450292 
BUMA.0521.00031 0.021284987 0.049006878 0.048506993 0.051564605 0.064921255 0.053578548 0.123150467 0.067406074 0.074797220 0.117476059 0.068467459 0.079507214 0.081406648 0.069796003 0.078605173 0.073330828 0.065582413 0.020927111 0.073433303 0.076998024 0.082667544 0.080027179 0.073881893 0.072797917 0.020919471 0.072638627 0.081255696 0.058749497 0.021079513 0.055059844 0.000000000 0.068383144 
BUMA.0521.00032 0.040998956 0.041327639 0.041160008 0.044550439 0.004639076 0.035466939 0.082735871 0.026014522 0.016518923 0.082230380 0.006236849 0.036515121 0.055752794 0.021806828 0.017012173 0.016111182 0.000214056 0.040781754 0.016283828 0.017766288 0.023787871 0.021358506 0.016271716 0.016033079 0.040998562 0.015884440 0.022502830 0.039626028 0.040951638 0.036450292 0.068383144 0.000000000 
