58
YEPE.0221.00001 0.000000000 0.005926708 0.005340909 0.008099118 0.018379552 0.012470667 0.004780959 0.012520466 0.008345492 0.011031009 0.007092508 0.014008909 0.012351002 0.015197543 0.005025108 0.035895081 0.021002499 0.012131608 0.020775671 0.021300683 0.012750032 0.010226581 0.020811903 0.009505640 0.004345453 0.010031494 0.021520943 0.020991407 0.020904180 0.005124620 0.021680804 0.020999806 0.012714273 0.012728054 0.033559038 0.004834324 0.011383445 0.010913622 0.035965655 0.010926679 0.001831335 0.003892678 0.026845717 0.014058866 0.009682604 0.009252112 0.013793835 0.017100763 0.014220066 0.008782795 0.003884910 0.006450591 0.006724904 0.002633016 0.004547610 0.002744981 0.013341729 0.010270186 
YEPE.0221.00002 0.005926708 0.000000000 0.001463208 0.007888501 0.018347447 0.014258001 0.001882279 0.013697859 0.004482809 0.010003997 0.004986757 0.014410465 0.012716724 0.017329254 0.003401615 0.037037300 0.021811850 0.013805668 0.021528133 0.022120371 0.013365991 0.010774840 0.021565575 0.010040887 0.002726485 0.010574053 0.022290303 0.021754599 0.021661415 0.006499376 0.022456322 0.021808047 0.014818068 0.013390709 0.034718733 0.005288021 0.011965696 0.011482560 0.037185724 0.012894973 0.004119382 0.002276183 0.028412086 0.014546314 0.010219496 0.009779725 0.014271600 0.019287621 0.015960507 0.009332162 0.002261440 0.005827146 0.007237757 0.003902575 0.004987808 0.004395681 0.015397186 0.010819155 
YEPE.0221.00003 0.005340909 0.001463208 0.000000000 0.007028283 0.017635977 0.013179992 0.000869596 0.012805777 0.003951080 0.009345325 0.004410031 0.012959615 0.011416753 0.016073687 0.002538170 0.035469354 0.020713194 0.012928444 0.020442192 0.021012421 0.012681972 0.009934005 0.020478530 0.009399778 0.002155867 0.009932337 0.021186503 0.020657041 0.020570869 0.005851006 0.021353198 0.020710854 0.014182473 0.012683038 0.033475667 0.004407883 0.011300833 0.010823262 0.035542320 0.011837578 0.003520829 0.001439473 0.027534037 0.013799800 0.009579166 0.009143814 0.013531013 0.017988847 0.014742873 0.008630398 0.001697927 0.005211115 0.006421196 0.003308227 0.004413091 0.003821289 0.014302400 0.010157583 
YEPE.0221.00004 0.008099118 0.007888501 0.007028283 0.000000000 0.019680945 0.014815552 0.006459590 0.010601908 0.010419774 0.010139043 0.009040508 0.013855428 0.012294734 0.017932913 0.007437965 0.037454196 0.022526656 0.012914464 0.022276625 0.022834689 0.013950974 0.009872736 0.022314006 0.009347569 0.006930964 0.009877528 0.023034262 0.022506090 0.022410152 0.008642909 0.023196197 0.022521980 0.017206878 0.013927085 0.033233358 0.006091067 0.011228537 0.010758911 0.037529629 0.013674717 0.006249751 0.006264893 0.027904444 0.016190074 0.009520071 0.009093250 0.015931369 0.019881127 0.016597789 0.008508955 0.006460850 0.009075460 0.004459790 0.006032241 0.005385805 0.006575710 0.015997399 0.010130051 
YEPE.0221.00005 0.018379552 0.018347447 0.017635977 0.019680945 0.000000000 0.015058030 0.017085641 0.025116604 0.021024345 0.019138590 0.017100557 0.027333893 0.024917229 0.028409920 0.018198323 0.035917081 0.007268968 0.022439784 0.007159038 0.007487492 0.014167761 0.019146410 0.007182155 0.018309987 0.017295657 0.018799225 0.007770206 0.007260748 0.007246900 0.017028231 0.007958613 0.007280763 0.028552278 0.014143125 0.045018536 0.015319250 0.020341897 0.019833313 0.035979428 0.023597300 0.016520298 0.016832980 0.037348970 0.029347804 0.018459365 0.018009287 0.028677968 0.030623441 0.026952480 0.019727893 0.016774221 0.017281371 0.018332149 0.016282522 0.015723397 0.016790403 0.016250823 0.019089255 
YEPE.0221.00006 0.012470667 0.014258001 0.013179992 0.014815552 0.015058030 0.000000000 0.012992042 0.020237999 0.016902902 0.015510605 0.012958426 0.021906562 0.020161917 0.023476525 0.013289858 0.031310532 0.017283232 0.017130190 0.017120990 0.017560822 0.001063582 0.015118546 0.017178986 0.014285169 0.012409756 0.014062114 0.017852417 0.017330233 0.017262922 0.011972097 0.018024565 0.017285281 0.023376907 0.001063582 0.039397368 0.010183046 0.016257579 0.015714177 0.031435812 0.018993546 0.011705979 0.012025259 0.034466370 0.024733434 0.014439955 0.014002242 0.024088643 0.025515352 0.022402864 0.015451532 0.011927401 0.012445134 0.013455675 0.011475567 0.011059632 0.012068247 0.007694833 0.015054455 
YEPE.0221.00007 0.004780959 0.001882279 0.000869596 0.006459590 0.017085641 0.012992042 0.000000000 0.012182927 0.004381011 0.008763078 0.003853778 0.012764489 0.011224463 0.015845977 0.001983018 0.035160301 0.020529230 0.012317948 0.020250829 0.020827705 0.012103954 0.009336898 0.020287058 0.008801739 0.001604332 0.009336759 0.020993730 0.020464147 0.020378997 0.005281818 0.021160917 0.020527126 0.013581484 0.012125909 0.032694615 0.004217168 0.010691859 0.010216650 0.035299585 0.011609092 0.002958751 0.000889151 0.026840839 0.013199561 0.008982866 0.008549112 0.012932991 0.017734412 0.014503336 0.008036370 0.001144888 0.004637870 0.005843492 0.002746897 0.003850572 0.003255260 0.014092010 0.009575668 
YEPE.0221.00008 0.012520466 0.013697859 0.012805777 0.010601908 0.025116604 0.020237999 0.012182927 0.000000000 0.016325680 0.017422425 0.014781699 0.004945846 0.004647394 0.023572326 0.012485774 0.044536652 0.027760851 0.019580958 0.027469665 0.028107684 0.019330088 0.016329598 0.027511675 0.015802880 0.011912980 0.016310919 0.028298521 0.027751758 0.027623049 0.013278261 0.028453254 0.027748999 0.021887312 0.019330088 0.040777117 0.010970064 0.017833124 0.017329414 0.044714913 0.018914115 0.010697354 0.011205203 0.032895049 0.023444657 0.015963896 0.015508458 0.023122933 0.025729806 0.022547116 0.015072735 0.011428886 0.014133759 0.007271972 0.010456997 0.010133996 0.010975080 0.021561699 0.016578415 
YEPE.0221.00009 0.008345492 0.004482809 0.003951080 0.010419774 0.021024345 0.016902902 0.004381011 0.016325680 0.000000000 0.011371435 0.007503535 0.013192910 0.013400744 0.017758240 0.005939837 0.040186598 0.024570642 0.015202529 0.024260742 0.024895925 0.016018693 0.012161540 0.024300168 0.011433025 0.005241798 0.011956651 0.025051369 0.024511883 0.024402826 0.008981148 0.025211902 0.024563171 0.017562082 0.016018693 0.035921924 0.007784419 0.013369967 0.012884707 0.040346900 0.013334580 0.006551087 0.004779218 0.029877357 0.017305947 0.011606276 0.011165818 0.017017735 0.019768949 0.016419514 0.011930911 0.004773854 0.008389464 0.009742418 0.006327999 0.007448166 0.006825251 0.018076411 0.012186085 
YEPE.0221.00010 0.011031009 0.010003997 0.009345325 0.010139043 0.019138590 0.015510605 0.008763078 0.017422425 0.011371435 0.000000000 0.008907775 0.019390830 0.017585407 0.015233148 0.010619811 0.038610715 0.022561926 0.005726303 0.022319140 0.022871251 0.014952667 0.002872820 0.022356698 0.002282767 0.009886380 0.002152827 0.023080184 0.022549854 0.022453327 0.009726956 0.023242713 0.022557188 0.020404295 0.014953935 0.026912435 0.008893547 0.004051703 0.003325035 0.038694857 0.010907423 0.009210505 0.009383947 0.019956792 0.018650017 0.002483556 0.002068227 0.018357050 0.017080827 0.013866156 0.005530689 0.009399668 0.009996045 0.010781558 0.008985393 0.008552364 0.009477336 0.016996222 0.003051953 
YEPE.0221.00011 0.007092508 0.004986757 0.004410031 0.009040508 0.017100557 0.012958426 0.003853778 0.014781699 0.007503535 0.008907775 0.000000000 0.015497526 0.013824407 0.018389267 0.005601638 0.035212754 0.020507614 0.012891762 0.020295607 0.020800769 0.012344299 0.009883978 0.020331262 0.009164492 0.004918857 0.008937225 0.021026442 0.020505726 0.020421768 0.005703971 0.021190756 0.020505570 0.015964619 0.012323182 0.032874767 0.006487917 0.011034530 0.010564635 0.035326078 0.014027515 0.005337416 0.004464812 0.026991166 0.015704835 0.009342062 0.008913379 0.015430294 0.020343118 0.017056346 0.010484655 0.004459306 0.001352585 0.008390027 0.005124156 0.006179509 0.005606155 0.014293307 0.009923329 
YEPE.0221.00012 0.014008909 0.014410465 0.012959615 0.013855428 0.027333893 0.021906562 0.012764489 0.004945846 0.013192910 0.019390830 0.015497526 0.000000000 0.003003408 0.025131244 0.013077764 0.046528157 0.029631968 0.021652898 0.029317629 0.029996584 0.021351086 0.018301308 0.029361747 0.017771337 0.012498991 0.018276879 0.030180528 0.029622040 0.029479829 0.014699883 0.030333843 0.029617289 0.023070666 0.021351086 0.043393590 0.012299607 0.019707074 0.019348132 0.046775329 0.020545983 0.012072076 0.011786299 0.036009932 0.024461941 0.017928117 0.017461221 0.024134154 0.027350837 0.024095646 0.017009228 0.012013489 0.014739109 0.010478729 0.011829675 0.011925538 0.012446438 0.023123382 0.018525133 
YEPE.0221.00013 0.012351002 0.012716724 0.011416753 0.012294734 0.024917229 0.020161917 0.011224463 0.004647394 0.013400744 0.017585407 0.013824407 0.003003408 0.000000000 0.023321479 0.011524980 0.044225810 0.027192277 0.019780240 0.026901223 0.027534742 0.019616812 0.016530341 0.026942702 0.016005134 0.010965450 0.016511155 0.027728102 0.027177315 0.027052336 0.013098622 0.027877415 0.027181231 0.021078495 0.019616812 0.040965573 0.010773206 0.017889391 0.017531323 0.044402550 0.018693543 0.010540966 0.010270081 0.034066792 0.022605170 0.016165162 0.015710162 0.022294924 0.025477450 0.022307853 0.015360590 0.010486746 0.013184639 0.008907142 0.010305003 0.010336218 0.010816754 0.021354605 0.016751721 
YEPE.0221.00014 0.015197543 0.017329254 0.016073687 0.017932913 0.028409920 0.023476525 0.015845977 0.023572326 0.017758240 0.015233148 0.018389267 0.025131244 0.023321479 0.000000000 0.016171362 0.046268296 0.030666236 0.017427409 0.030269116 0.030949061 0.022862122 0.014232022 0.030313313 0.013644847 0.015378111 0.014131773 0.031129669 0.030578067 0.030362821 0.017375603 0.031278734 0.030638818 0.026876789 0.022862122 0.039706830 0.013930715 0.015614480 0.015122265 0.046574041 0.006995145 0.014677939 0.014854482 0.032593405 0.028280889 0.013795497 0.013370875 0.027939627 0.012954561 0.010183715 0.014478592 0.014894581 0.017590308 0.016519433 0.014470798 0.014018759 0.015099992 0.024224513 0.014403915 
YEPE.0221.00015 0.005025108 0.003401615 0.002538170 0.007437965 0.018198323 0.013289858 0.001983018 0.012485774 0.005939837 0.010619811 0.005601638 0.013077764 0.011524980 0.016171362 0.000000000 0.035520406 0.020832372 0.012598058 0.020520840 0.021092986 0.012395161 0.009605058 0.020557279 0.009069258 0.001835612 0.009604232 0.021266872 0.020736649 0.020649922 0.005515935 0.021433616 0.020790467 0.013824023 0.012396204 0.033102542 0.004466427 0.010962478 0.010487125 0.035593436 0.011918195 0.003193830 0.001072815 0.027197433 0.015090016 0.009249965 0.008811557 0.014835388 0.018098670 0.015169526 0.008297673 0.001377517 0.004895903 0.006096072 0.002982016 0.004092953 0.003497214 0.014367520 0.009852239 
YEPE.0221.00016 0.035895081 0.037037300 0.035469354 0.037454196 0.035917081 0.031310532 0.035160301 0.044536652 0.040186598 0.038610715 0.035212754 0.046528157 0.044225810 0.046268296 0.035520406 0.000000000 0.038149398 0.041355734 0.037598843 0.038408260 0.030395988 0.037484775 0.037625213 0.036747934 0.034421267 0.037078109 0.038535306 0.037976701 0.037698508 0.034294173 0.038667525 0.038060634 0.048054496 0.030454804 0.067456636 0.031663075 0.038997973 0.038568994 0.000023833 0.040451642 0.033511438 0.033859713 0.060538740 0.049644398 0.036770392 0.036354045 0.048753133 0.048241629 0.044549106 0.038168156 0.033892963 0.034110235 0.035666695 0.033310823 0.032542566 0.034164457 0.030215374 0.037438667 
YEPE.0221.00017 0.021002499 0.021811850 0.020713194 0.022526656 0.007268968 0.017283232 0.020529230 0.027760851 0.024570642 0.022561926 0.020507614 0.029631968 0.027192277 0.030666236 0.020832372 0.038149398 0.000000000 0.025010699 0.001427036 0.000223354 0.016721554 0.021725471 0.001450126 0.020922724 0.019919851 0.021388305 0.001976243 0.001482643 0.001497693 0.019699809 0.002173413 0.000155469 0.031198229 0.016722948 0.047618966 0.017563595 0.022952858 0.022449644 0.038210272 0.025808671 0.019137071 0.019445225 0.041622627 0.032891425 0.021047831 0.020610058 0.032187451 0.031162488 0.029547953 0.022341361 0.019400866 0.019870769 0.020893980 0.018895680 0.018275034 0.019399866 0.018439875 0.021683885 
YEPE.0221.00018 0.012131608 0.013805668 0.012928444 0.012914464 0.022439784 0.017130190 0.012317948 0.019580958 0.015202529 0.005726303 0.012891762 0.021652898 0.019780240 0.017427409 0.012598058 0.041355734 0.025010699 0.000000000 0.024745520 0.025333864 0.017343933 0.002878438 0.024784716 0.003960946 0.012058286 0.004511264 0.025529411 0.024997255 0.024887061 0.011966531 0.025686670 0.025002756 0.021934025 0.017345411 0.029393590 0.011196091 0.005757499 0.004831494 0.041444444 0.013004254 0.011410534 0.011333488 0.021865863 0.021912312 0.004158088 0.003739730 0.021634921 0.019294970 0.012177261 0.007563839 0.011568548 0.012205178 0.012778965 0.011181588 0.010697113 0.011667709 0.019352300 0.005019116 
YEPE.0221.00019 0.020775671 0.021528133 0.020442192 0.022276625 0.007159038 0.017120990 0.020250829 0.027469665 0.024260742 0.022319140 0.020295607 0.029317629 0.026901223 0.030269116 0.020520840 0.037598843 0.001427036 0.024745520 0.000000000 0.001609918 0.016583489 0.021492062 0.000153845 0.020695104 0.019626226 0.021158226 0.000664248 0.000177024 0.000198328 0.019451681 0.000860798 0.001444080 0.030829133 0.016584858 0.047062329 0.017368488 0.022700742 0.022199263 0.037658587 0.025509039 0.018897369 0.019158253 0.040695155 0.032492828 0.020820146 0.020378933 0.031807241 0.032440646 0.029202132 0.022087017 0.019112850 0.019663012 0.020673624 0.018662665 0.018079835 0.019186749 0.018283053 0.021450499 
YEPE.0221.00020 0.021300683 0.022120371 0.021012421 0.022834689 0.007487492 0.017560822 0.020827705 0.028107684 0.024895925 0.022871251 0.020800769 0.029996584 0.027534742 0.030949061 0.021092986 0.038408260 0.000223354 0.025333864 0.001609918 0.000000000 0.016952204 0.022027867 0.001633173 0.021222503 0.020183536 0.021641115 0.002161990 0.001667053 0.001677857 0.019964370 0.002359293 0.000334078 0.031518126 0.016953620 0.048128496 0.017802900 0.023214016 0.022751039 0.038559902 0.026080443 0.019354452 0.019705489 0.041985660 0.033221543 0.021300271 0.020899458 0.032511821 0.031459490 0.029904525 0.022592395 0.019662342 0.020118287 0.021190084 0.019154167 0.018513696 0.019690053 0.018674889 0.021938428 
YEPE.0221.00021 0.012750032 0.013365991 0.012681972 0.013950974 0.014167761 0.001063582 0.012103954 0.019330088 0.016018693 0.014952667 0.012344299 0.021351086 0.019616812 0.022862122 0.012395161 0.030395988 0.016721554 0.017343933 0.016583489 0.016952204 0.000000000 0.014191858 0.016640702 0.013361676 0.011545355 0.013843625 0.017322131 0.016786784 0.016700267 0.011109202 0.017477058 0.016705431 0.022347633 0.000000042 0.038115917 0.009645616 0.015271579 0.014767555 0.030575396 0.018359673 0.010788559 0.011134719 0.033332164 0.023691030 0.013490036 0.013080754 0.023091855 0.024796836 0.021774109 0.014477697 0.011048412 0.011547769 0.012552894 0.010586679 0.010166854 0.011165068 0.007150500 0.014115467 
YEPE.0221.00022 0.010226581 0.010774840 0.009934005 0.009872736 0.019146410 0.015118546 0.009336898 0.016329598 0.012161540 0.002872820 0.009883978 0.018301308 0.016530341 0.014232022 0.009605058 0.037484775 0.021725471 0.002878438 0.021492062 0.022027867 0.014191858 0.000000000 0.021528792 0.001143562 0.009084372 0.001704609 0.022239766 0.021713998 0.021622745 0.008898279 0.022402866 0.021721889 0.019431170 0.014193050 0.025643963 0.008219374 0.002886275 0.001980408 0.037566347 0.009962863 0.008399744 0.008386145 0.018572551 0.019386233 0.001344955 0.000934576 0.019117532 0.016052290 0.013212334 0.004613005 0.008596218 0.009199736 0.009770557 0.008177544 0.007766045 0.008671379 0.016166956 0.002192468 
YEPE.0221.00023 0.020811903 0.021565575 0.020478530 0.022314006 0.007182155 0.017178986 0.020287058 0.027511675 0.024300168 0.022356698 0.020331262 0.029361747 0.026942702 0.030313313 0.020557279 0.037625213 0.001450126 0.024784716 0.000153845 0.001633173 0.016640702 0.021528792 0.000000000 0.020719550 0.019661960 0.021182517 0.000598111 0.000066393 0.000088155 0.019487523 0.000706590 0.001467096 0.030873939 0.016642076 0.047123491 0.017392428 0.022725429 0.022236836 0.037684982 0.025549048 0.018932482 0.019193470 0.040746849 0.032539231 0.020856483 0.020414995 0.031852782 0.032486577 0.029245248 0.022124537 0.019148222 0.019698443 0.020709619 0.018697605 0.018113699 0.019222036 0.018317371 0.021474881 
YEPE.0221.00024 0.009505640 0.010040887 0.009399778 0.009347569 0.018309987 0.014285169 0.008801739 0.015802880 0.011433025 0.002282767 0.009164492 0.017771337 0.016005134 0.013644847 0.009069258 0.036747934 0.020922724 0.003960946 0.020695104 0.021222503 0.013361676 0.001143562 0.020719550 0.000000000 0.008354644 0.001025478 0.021440035 0.020911621 0.020824242 0.008164992 0.021605800 0.020920116 0.018725385 0.013362804 0.025053139 0.007383378 0.002247400 0.002129751 0.036828881 0.009378537 0.007676360 0.007851776 0.017949687 0.018673634 0.000205075 0.000297287 0.018405476 0.015467654 0.012627703 0.004017130 0.007870995 0.008476284 0.009250383 0.007454115 0.007057035 0.007945008 0.015344284 0.001603028 
YEPE.0221.00025 0.004345453 0.002726485 0.002155867 0.006930964 0.017295657 0.012409756 0.001604332 0.011912980 0.005241798 0.009886380 0.004918857 0.012498991 0.010965450 0.015378111 0.001835612 0.034421267 0.019919851 0.012058286 0.019626226 0.020183536 0.011545355 0.009084372 0.019661960 0.008354644 0.000000000 0.008891447 0.020361687 0.019833742 0.019752246 0.004830181 0.020529844 0.019888139 0.013059952 0.011546321 0.032118414 0.002506626 0.010236457 0.009763048 0.034489811 0.011170074 0.002532564 0.000749781 0.026293196 0.014316040 0.008537049 0.008104522 0.014045986 0.017279381 0.014390719 0.007591794 0.000729841 0.004218838 0.004402413 0.002322140 0.002264958 0.002829495 0.013506901 0.009128659 
YEPE.0221.00026 0.010031494 0.010574053 0.009932337 0.009877528 0.018799225 0.014062114 0.009336759 0.016310919 0.011956651 0.002152827 0.008937225 0.018276879 0.016511155 0.014131773 0.009604232 0.037078109 0.021388305 0.004511264 0.021158226 0.021641115 0.013843625 0.001704609 0.021182517 0.001025478 0.008891447 0.000000000 0.021901732 0.021376987 0.021241874 0.008709387 0.022065314 0.021385122 0.019220136 0.013844784 0.025543580 0.007901744 0.002802916 0.002691335 0.037246496 0.009887699 0.008197765 0.008388415 0.018438949 0.019173369 0.001225449 0.000863557 0.018905984 0.015941585 0.013146929 0.004568471 0.008410428 0.008989071 0.009775492 0.007993641 0.007571522 0.008480952 0.015809666 0.002157499 
YEPE.0221.00027 0.021520943 0.022290303 0.021186503 0.023034262 0.007770206 0.017852417 0.020993730 0.028298521 0.025051369 0.023080184 0.021026442 0.030180528 0.027728102 0.031129669 0.021266872 0.038535306 0.001976243 0.025529411 0.000664248 0.002161990 0.017322131 0.022239766 0.000598111 0.021440035 0.020361687 0.021901732 0.000000000 0.000623789 0.000643673 0.020194570 0.001312607 0.001992863 0.031699372 0.017323573 0.048192308 0.018077786 0.023473025 0.022961150 0.038596400 0.026306081 0.019627444 0.019885094 0.041659874 0.033395271 0.021562737 0.021117797 0.032687914 0.033334031 0.030052508 0.022853323 0.019843124 0.020392027 0.021409817 0.019385970 0.018783314 0.019919187 0.018999148 0.022198955 
YEPE.0221.00028 0.020991407 0.021754599 0.020657041 0.022506090 0.007260748 0.017330233 0.020464147 0.027751758 0.024511883 0.022549854 0.020505726 0.029622040 0.027177315 0.030578067 0.020736649 0.037976701 0.001482643 0.024997255 0.000177024 0.001667053 0.016786784 0.021713998 0.000066393 0.020911621 0.019833742 0.021376987 0.000623789 0.000000000 0.000110956 0.019659017 0.000778159 0.001499610 0.030724197 0.016788180 0.047568696 0.017554434 0.022935556 0.022388107 0.038037307 0.025769365 0.019097893 0.019360591 0.041100908 0.032400538 0.021036714 0.020591848 0.031710132 0.032770875 0.029499071 0.022316496 0.019315875 0.019868925 0.020849567 0.018861096 0.018269449 0.019354269 0.018476175 0.021672418 
YEPE.0221.00029 0.020904180 0.021661415 0.020570869 0.022410152 0.007246900 0.017262922 0.020378997 0.027623049 0.024402826 0.022453327 0.020421768 0.029479829 0.027052336 0.030362821 0.020649922 0.037698508 0.001497693 0.024887061 0.000198328 0.001677857 0.016700267 0.021622745 0.000088155 0.020824242 0.019752246 0.021241874 0.000643673 0.000110956 0.000000000 0.019577972 0.000797067 0.001515627 0.030994742 0.016701647 0.047298750 0.017449050 0.022786538 0.022333431 0.037846170 0.025597273 0.018979746 0.019282151 0.040891935 0.032665305 0.020903792 0.020506589 0.031976128 0.032536414 0.029360540 0.022172356 0.019237267 0.019745501 0.020801225 0.018785270 0.018159946 0.019310912 0.018364070 0.021534607 
YEPE.0221.00030 0.005124620 0.006499376 0.005851006 0.008642909 0.017028231 0.011972097 0.005281818 0.013278261 0.008981148 0.009726956 0.005703971 0.014699883 0.013098622 0.017375603 0.005515935 0.034294173 0.019699809 0.011966531 0.019451681 0.019964370 0.011109202 0.008898279 0.019487523 0.008164992 0.004830181 0.008709387 0.020194570 0.019659017 0.019577972 0.000000000 0.020359761 0.019668524 0.013394333 0.011090030 0.031957524 0.005329464 0.010058797 0.009582508 0.034352280 0.013064424 0.003293330 0.004363730 0.025747459 0.014655431 0.008344868 0.007912754 0.015503996 0.019341110 0.016364404 0.009339239 0.004360151 0.005005690 0.007296474 0.002745502 0.005062671 0.003600116 0.013081869 0.008960418 
YEPE.0221.00031 0.021680804 0.022456322 0.021353198 0.023196197 0.007958613 0.018024565 0.021160917 0.028453254 0.025211902 0.023242713 0.021190756 0.030333843 0.027877415 0.031278734 0.021433616 0.038667525 0.002173413 0.025686670 0.000860798 0.002359293 0.017477058 0.022402866 0.000706590 0.021605800 0.020529844 0.022065314 0.001312607 0.000778159 0.000797067 0.020359761 0.000000000 0.002187821 0.031847844 0.017478508 0.048297709 0.018244704 0.023630074 0.023124294 0.038728579 0.026462816 0.019792275 0.020053269 0.041784219 0.033533383 0.021727462 0.021283543 0.032834216 0.033470993 0.030196139 0.023011839 0.020012277 0.020558573 0.021573753 0.019555429 0.018950598 0.020083255 0.019163562 0.022362390 
YEPE.0221.00032 0.020999806 0.021808047 0.020710854 0.022521980 0.007280763 0.017285281 0.020527126 0.027748999 0.024563171 0.022557188 0.020505570 0.029617289 0.027181231 0.030638818 0.020790467 0.038060634 0.000155469 0.025002756 0.001444080 0.000334078 0.016705431 0.021721889 0.001467096 0.020920116 0.019888139 0.021385122 0.001992863 0.001499610 0.001515627 0.019668524 0.002187821 0.000000000 0.031131146 0.016706820 0.047575454 0.017565280 0.022947590 0.022436965 0.038121243 0.025799608 0.019107713 0.019415053 0.041523087 0.032818410 0.021045072 0.020600539 0.032117235 0.031145835 0.029533731 0.022328858 0.019370663 0.019869530 0.020891439 0.018867033 0.018275810 0.019399223 0.018433998 0.021680352 
YEPE.0221.00033 0.012714273 0.014818068 0.014182473 0.017206878 0.028552278 0.023376907 0.013581484 0.021887312 0.017562082 0.020404295 0.015964619 0.023070666 0.021078495 0.026876789 0.013824023 0.048054496 0.031198229 0.021934025 0.030829133 0.031518126 0.022347633 0.019431170 0.030873939 0.018725385 0.013059952 0.019220136 0.031699372 0.030724197 0.030994742 0.013394333 0.031847844 0.031131146 0.000000000 0.022349624 0.046365701 0.013605880 0.020815293 0.019885944 0.048129952 0.021926831 0.010842126 0.012530531 0.036517315 0.006952323 0.018877110 0.018413443 0.008734548 0.028999547 0.025695272 0.018029543 0.012574940 0.015291809 0.015224813 0.011642898 0.013144551 0.011382889 0.024472180 0.019525539 
YEPE.0221.00034 0.012728054 0.013390709 0.012683038 0.013927085 0.014143125 0.001063582 0.012125909 0.019330088 0.016018693 0.014953935 0.012323182 0.021351086 0.019616812 0.022862122 0.012396204 0.030454804 0.016722948 0.017345411 0.016584858 0.016953620 0.000000042 0.014193050 0.016642076 0.013362804 0.011546321 0.013844784 0.017323573 0.016788180 0.016701647 0.011090030 0.017478508 0.016706820 0.022349624 0.000000000 0.038196971 0.009646407 0.015272876 0.014768808 0.030578139 0.018393778 0.010789455 0.011135645 0.033335180 0.023693150 0.013491167 0.013081853 0.023093902 0.024844325 0.021815165 0.014478909 0.011049335 0.011568406 0.012553933 0.010587559 0.010167684 0.011166002 0.007151077 0.014116653 
YEPE.0221.00035 0.033559038 0.034718733 0.033475667 0.033233358 0.045018536 0.039397368 0.032694615 0.040777117 0.035921924 0.026912435 0.032874767 0.043393590 0.040965573 0.039706830 0.033102542 0.067456636 0.047618966 0.029393590 0.047062329 0.048128496 0.038115917 0.025643963 0.047123491 0.025053139 0.032118414 0.025543580 0.048192308 0.047568696 0.047298750 0.031957524 0.048297709 0.047575454 0.046365701 0.038196971 0.000000000 0.030606394 0.027365035 0.026801845 0.067720599 0.034166404 0.031214150 0.031411073 0.048195435 0.046014537 0.025172671 0.024682122 0.045792627 0.042144538 0.038264793 0.026914983 0.031429775 0.031918503 0.033252788 0.030928985 0.030123893 0.031793713 0.040637449 0.025904214 
YEPE.0221.00036 0.004834324 0.005288021 0.004407883 0.006091067 0.015319250 0.010183046 0.004217168 0.010970064 0.007784419 0.008893547 0.006487917 0.012299607 0.010773206 0.013930715 0.004466427 0.031663075 0.017563595 0.011196091 0.017368488 0.017802900 0.009645616 0.008219374 0.017392428 0.007383378 0.002506626 0.007901744 0.018077786 0.017554434 0.017449050 0.005329464 0.018244704 0.017565280 0.013605880 0.009646407 0.030606394 0.000000000 0.009198409 0.008762045 0.031790614 0.009788052 0.003009069 0.003334546 0.025017530 0.014867920 0.007550187 0.007145263 0.014594284 0.015741453 0.012959046 0.006594288 0.003208462 0.005762068 0.003599418 0.002805411 0.001394044 0.003312939 0.011233721 0.008132256 
YEPE.0221.00037 0.011383445 0.011965696 0.011300833 0.011228537 0.020341897 0.016257579 0.010691859 0.017833124 0.013369967 0.004051703 0.011034530 0.019707074 0.017889391 0.015614480 0.010962478 0.038997973 0.022952858 0.005757499 0.022700742 0.023214016 0.015271579 0.002886275 0.022725429 0.002247400 0.010236457 0.002802916 0.023473025 0.022935556 0.022786538 0.010058797 0.023630074 0.022947590 0.020815293 0.015272876 0.027365035 0.009198409 0.000000000 0.003893844 0.039217493 0.011249950 0.009514362 0.009716657 0.020060129 0.020778161 0.002441809 0.002031247 0.020507381 0.017464962 0.014568002 0.005827950 0.009740059 0.010321864 0.011110787 0.009310335 0.008848397 0.009808365 0.017272773 0.003343122 
YEPE.0221.00038 0.010913622 0.011482560 0.010823262 0.010758911 0.019833313 0.015714177 0.010216650 0.017329414 0.012884707 0.003325035 0.010564635 0.019348132 0.017531323 0.015122265 0.010487125 0.038568994 0.022449644 0.004831494 0.022199263 0.022751039 0.014767555 0.001980408 0.022236836 0.002129751 0.009763048 0.002691335 0.022961150 0.022388107 0.022333431 0.009582508 0.023124294 0.022436965 0.019885944 0.014768808 0.026801845 0.008762045 0.003893844 0.000000000 0.038693585 0.010784271 0.009067106 0.009247194 0.019901726 0.019844793 0.002328202 0.001912517 0.019571923 0.016970205 0.014089493 0.005376379 0.009268271 0.009874204 0.010625633 0.008841592 0.008410698 0.009324119 0.016812053 0.002909501 
YEPE.0221.00039 0.035965655 0.037185724 0.035542320 0.037529629 0.035979428 0.031435812 0.035299585 0.044714913 0.040346900 0.038694857 0.035326078 0.046775329 0.044402550 0.046574041 0.035593436 0.000023833 0.038210272 0.041444444 0.037658587 0.038559902 0.030575396 0.037566347 0.037684982 0.036828881 0.034489811 0.037246496 0.038596400 0.038037307 0.037846170 0.034352280 0.038728579 0.038121243 0.048129952 0.030578139 0.067720599 0.031790614 0.039217493 0.038693585 0.000000000 0.040715545 0.033646687 0.033927074 0.060664108 0.049738419 0.036976101 0.036471535 0.048828835 0.048561986 0.044731985 0.038321194 0.033960744 0.034363942 0.035725505 0.033367248 0.032672548 0.034222180 0.030346144 0.037647703 
YEPE.0221.00040 0.010926679 0.012894973 0.011837578 0.013674717 0.023597300 0.018993546 0.011609092 0.018914115 0.013334580 0.010907423 0.014027515 0.020545983 0.018693543 0.006995145 0.011918195 0.040451642 0.025808671 0.013004254 0.025509039 0.026080443 0.018359673 0.009962863 0.025549048 0.009378537 0.011170074 0.009887699 0.026306081 0.025769365 0.025597273 0.013064424 0.026462816 0.025799608 0.021926831 0.018393778 0.034166404 0.009788052 0.011249950 0.010784271 0.040715545 0.000000000 0.010464883 0.010655809 0.026318184 0.023458055 0.009545639 0.009132322 0.023141758 0.005555620 0.003120460 0.010252910 0.010677110 0.013311891 0.012162077 0.010258410 0.009817951 0.010760698 0.019688292 0.010131367 
YEPE.0221.00041 0.001831335 0.004119382 0.003520829 0.006249751 0.016520298 0.011705979 0.002958751 0.010697354 0.006551087 0.009210505 0.005337416 0.012072076 0.010540966 0.014677939 0.003193830 0.033511438 0.019137071 0.011410534 0.018897369 0.019354452 0.010788559 0.008399744 0.018932482 0.007676360 0.002532564 0.008197765 0.019627444 0.019097893 0.018979746 0.003293330 0.019792275 0.019107713 0.010842126 0.010789455 0.031214150 0.003009069 0.009514362 0.009067106 0.033646687 0.010464883 0.000000000 0.002082138 0.024920295 0.012078605 0.007838823 0.007430366 0.011833303 0.016516906 0.013686824 0.006873182 0.002068587 0.004619690 0.004915318 0.000840810 0.002762465 0.000962523 0.012741513 0.008442179 
YEPE.0221.00042 0.003892678 0.002276183 0.001439473 0.006264893 0.016832980 0.012025259 0.000889151 0.011205203 0.004779218 0.009383947 0.004464812 0.011786299 0.010270081 0.014854482 0.001072815 0.033859713 0.019445225 0.011333488 0.019158253 0.019705489 0.011134719 0.008386145 0.019193470 0.007851776 0.000749781 0.008388415 0.019885094 0.019360591 0.019282151 0.004363730 0.020053269 0.019415053 0.012530531 0.011135645 0.031411073 0.003334546 0.009716657 0.009247194 0.033927074 0.010655809 0.002082138 0.000000000 0.025667508 0.013778345 0.008034872 0.007605453 0.013529163 0.016716636 0.013852923 0.007095436 0.000295064 0.003762235 0.004932161 0.001874024 0.002971982 0.002373925 0.013082421 0.008633657 
YEPE.0221.00043 0.026845717 0.028412086 0.027534037 0.027904444 0.037348970 0.034466370 0.026840839 0.032895049 0.029877357 0.019956792 0.026991166 0.036009932 0.034066792 0.032593405 0.027197433 0.060538740 0.041622627 0.021865863 0.040695155 0.041985660 0.033332164 0.018572551 0.040746849 0.017949687 0.026293196 0.018438949 0.041659874 0.041100908 0.040891935 0.025747459 0.041784219 0.041523087 0.036517315 0.033335180 0.048195435 0.025017530 0.020060129 0.019901726 0.060664108 0.026318184 0.024920295 0.025667508 0.000000000 0.037445585 0.018118363 0.017714284 0.037060155 0.033523760 0.030156555 0.022000391 0.025755530 0.026310599 0.026853417 0.024658622 0.024441940 0.023977622 0.035495244 0.019123917 
YEPE.0221.00044 0.014058866 0.014546314 0.013799800 0.016190074 0.029347804 0.024733434 0.013199561 0.023444657 0.017305947 0.018650017 0.015704835 0.024461941 0.022605170 0.028280889 0.015090016 0.049644398 0.032891425 0.021912312 0.032492828 0.033221543 0.023691030 0.019386233 0.032539231 0.018673634 0.014316040 0.019173369 0.033395271 0.032400538 0.032665305 0.014655431 0.033533383 0.032818410 0.006952323 0.023693150 0.046014537 0.014867920 0.020778161 0.019844793 0.049738419 0.023458055 0.012078605 0.013778345 0.037445585 0.000000000 0.018826986 0.018359012 0.004354540 0.030418697 0.026682165 0.017829674 0.013779133 0.016556062 0.016632007 0.012884108 0.014499620 0.012718596 0.025793300 0.019481443 
YEPE.0221.00045 0.009682604 0.010219496 0.009579166 0.009520071 0.018459365 0.014439955 0.008982866 0.015963896 0.011606276 0.002483556 0.009342062 0.017928117 0.016165162 0.013795497 0.009249965 0.036770392 0.021047831 0.004158088 0.020820146 0.021300271 0.013490036 0.001344955 0.020856483 0.000205075 0.008537049 0.001225449 0.021562737 0.021036714 0.020903792 0.008344868 0.021727462 0.021045072 0.018877110 0.013491167 0.025172671 0.007550187 0.002441809 0.002328202 0.036976101 0.009545639 0.007838823 0.008034872 0.018118363 0.018826986 0.000000000 0.000501307 0.018559553 0.015610035 0.012809676 0.004202654 0.008049872 0.008638528 0.009421517 0.007633930 0.007219610 0.008127729 0.015459825 0.001799961 
YEPE.0221.00046 0.009252112 0.009779725 0.009143814 0.009093250 0.018009287 0.014002242 0.008549112 0.015508458 0.011165818 0.002068227 0.008913379 0.017461221 0.015710162 0.013370875 0.008811557 0.036354045 0.020610058 0.003739730 0.020378933 0.020899458 0.013080754 0.000934576 0.020414995 0.000297287 0.008104522 0.000863557 0.021117797 0.020591848 0.020506589 0.007912754 0.021283543 0.020600539 0.018413443 0.013081853 0.024682122 0.007145263 0.002031247 0.001912517 0.036471535 0.009132322 0.007430366 0.007605453 0.017714284 0.018359012 0.000501307 0.000000000 0.018092792 0.015190043 0.012364962 0.003786495 0.007623244 0.008227634 0.008999121 0.007209391 0.006819431 0.007698319 0.015053306 0.001391756 
YEPE.0221.00047 0.013793835 0.014271600 0.013531013 0.015931369 0.028677968 0.024088643 0.012932991 0.023122933 0.017017735 0.018357050 0.015430294 0.024134154 0.022294924 0.027939627 0.014835388 0.048753133 0.032187451 0.021634921 0.031807241 0.032511821 0.023091855 0.019117532 0.031852782 0.018405476 0.014045986 0.018905984 0.032687914 0.031710132 0.031976128 0.015503996 0.032834216 0.032117235 0.008734548 0.023093902 0.045792627 0.014594284 0.020507381 0.019571923 0.048828835 0.023141758 0.011833303 0.013529163 0.037060155 0.004354540 0.018559553 0.018092792 0.000000000 0.030073384 0.026356962 0.017562537 0.013510818 0.016278368 0.016366845 0.012634319 0.014244608 0.012469895 0.025181044 0.019186383 
YEPE.0221.00048 0.017100763 0.019287621 0.017988847 0.019881127 0.030623441 0.025515352 0.017734412 0.025729806 0.019768949 0.017080827 0.020343118 0.027350837 0.025477450 0.012954561 0.018098670 0.048241629 0.031162488 0.019294970 0.032440646 0.031459490 0.024796836 0.016052290 0.032486577 0.015467654 0.017279381 0.015941585 0.033334031 0.032770875 0.032536414 0.019341110 0.033470993 0.031145835 0.028999547 0.024844325 0.042144538 0.015741453 0.017464962 0.016970205 0.048561986 0.005555620 0.016516906 0.016716636 0.033523760 0.030418697 0.015610035 0.015190043 0.030073384 0.000000000 0.008864830 0.016315616 0.016740091 0.019449766 0.018383084 0.016313593 0.015826138 0.016957877 0.026159307 0.016222337 
YEPE.0221.00049 0.014220066 0.015960507 0.014742873 0.016597789 0.026952480 0.022402864 0.014503336 0.022547116 0.016419514 0.013866156 0.017056346 0.024095646 0.022307853 0.010183715 0.015169526 0.044549106 0.029547953 0.012177261 0.029202132 0.029904525 0.021774109 0.013212334 0.029245248 0.012627703 0.014390719 0.013146929 0.030052508 0.029499071 0.029360540 0.016364404 0.030196139 0.029533731 0.025695272 0.021815165 0.038264793 0.012959046 0.014568002 0.014089493 0.044731985 0.003120460 0.013686824 0.013852923 0.030156555 0.026682165 0.012809676 0.012364962 0.026356962 0.008864830 0.000000000 0.013480700 0.013888291 0.016576892 0.015481524 0.013453829 0.013053130 0.014066160 0.023118908 0.013406353 
YEPE.0221.00050 0.008782795 0.009332162 0.008630398 0.008508955 0.019727893 0.015451532 0.008036370 0.015072735 0.011930911 0.005530689 0.010484655 0.017009228 0.015360590 0.014478592 0.008297673 0.038168156 0.022341361 0.007563839 0.022087017 0.022592395 0.014477697 0.004613005 0.022124537 0.004017130 0.007591794 0.004568471 0.022853323 0.022316496 0.022172356 0.009339239 0.023011839 0.022328858 0.018029543 0.014478909 0.026914983 0.006594288 0.005827950 0.005376379 0.038321194 0.010252910 0.006873182 0.007095436 0.022000391 0.017829674 0.004202654 0.003786495 0.017562537 0.016315616 0.013480700 0.000000000 0.007105422 0.009718253 0.008530642 0.006668356 0.006322504 0.007218171 0.016567606 0.004798035 
YEPE.0221.00051 0.003884910 0.002261440 0.001697927 0.006460850 0.016774221 0.011927401 0.001144888 0.011428886 0.004773854 0.009399668 0.004459306 0.012013489 0.010486746 0.014894581 0.001377517 0.033892963 0.019400866 0.011568548 0.019112850 0.019662342 0.011048412 0.008596218 0.019148222 0.007870995 0.000729841 0.008410428 0.019843124 0.019315875 0.019237267 0.004360151 0.020012277 0.019370663 0.012574940 0.011049335 0.031429775 0.003208462 0.009740059 0.009268271 0.033960744 0.010677110 0.002068587 0.000295064 0.025755530 0.013779133 0.008049872 0.007623244 0.013510818 0.016740091 0.013888291 0.007105422 0.000000000 0.003753986 0.005120509 0.001859298 0.002961652 0.002362921 0.013005995 0.008646125 
YEPE.0221.00052 0.006450591 0.005827146 0.005211115 0.009075460 0.017281371 0.012445134 0.004637870 0.014133759 0.008389464 0.009996045 0.001352585 0.014739109 0.013184639 0.017590308 0.004895903 0.034110235 0.019870769 0.012205178 0.019663012 0.020118287 0.011547769 0.009199736 0.019698443 0.008476284 0.004218838 0.008989071 0.020392027 0.019868925 0.019745501 0.005005690 0.020558573 0.019869530 0.015291809 0.011568406 0.031918503 0.005762068 0.010321864 0.009874204 0.034363942 0.013311891 0.004619690 0.003762235 0.026310599 0.016556062 0.008638528 0.008227634 0.016278368 0.019449766 0.016576892 0.009718253 0.003753986 0.000000000 0.007628107 0.004417404 0.005411457 0.004933799 0.013504612 0.009220230 
YEPE.0221.00053 0.006724904 0.007237757 0.006421196 0.004459790 0.018332149 0.013455675 0.005843492 0.007271972 0.009742418 0.010781558 0.008390027 0.010478729 0.008907142 0.016519433 0.006096072 0.035666695 0.020893980 0.012778965 0.020673624 0.021190084 0.012552894 0.009770557 0.020709619 0.009250383 0.004402413 0.009775492 0.021409817 0.020849567 0.020801225 0.007296474 0.021573753 0.020891439 0.015224813 0.012553933 0.033252788 0.003599418 0.011110787 0.010625633 0.035725505 0.012162077 0.004915318 0.004932161 0.026853417 0.016632007 0.009421517 0.008999121 0.016366845 0.018383084 0.015481524 0.008530642 0.005120509 0.007628107 0.000000000 0.004697093 0.002804227 0.005181797 0.014580376 0.010024998 
YEPE.0221.00054 0.002633016 0.003902575 0.003308227 0.006032241 0.016282522 0.011475567 0.002746897 0.010456997 0.006327999 0.008985393 0.005124156 0.011829675 0.010305003 0.014470798 0.002982016 0.033310823 0.018895680 0.011181588 0.018662665 0.019154167 0.010586679 0.008177544 0.018697605 0.007454115 0.002322140 0.007993641 0.019385970 0.018861096 0.018785270 0.002745502 0.019555429 0.018867033 0.011642898 0.010587559 0.030928985 0.002805411 0.009310335 0.008841592 0.033367248 0.010258410 0.000840810 0.001874024 0.024658622 0.012884108 0.007633930 0.007209391 0.012634319 0.016313593 0.013453829 0.006668356 0.001859298 0.004417404 0.004697093 0.000000000 0.002558385 0.001122202 0.012541404 0.008237476 
YEPE.0221.00055 0.004547610 0.004987808 0.004413091 0.005385805 0.015723397 0.011059632 0.003850572 0.010133996 0.007448166 0.008552364 0.006179509 0.011925538 0.010336218 0.014018759 0.004092953 0.032542566 0.018275034 0.010697113 0.018079835 0.018513696 0.010166854 0.007766045 0.018113699 0.007057035 0.002264958 0.007571522 0.018783314 0.018269449 0.018159946 0.005062671 0.018950598 0.018275810 0.013144551 0.010167684 0.030123893 0.001394044 0.008848397 0.008410698 0.032672548 0.009817951 0.002762465 0.002971982 0.024441940 0.014499620 0.007219610 0.006819431 0.014244608 0.015826138 0.013053130 0.006322504 0.002961652 0.005411457 0.002804227 0.002558385 0.000000000 0.003040189 0.012089699 0.007807839 
YEPE.0221.00056 0.002744981 0.004395681 0.003821289 0.006575710 0.016790403 0.012068247 0.003255260 0.010975080 0.006825251 0.009477336 0.005606155 0.012446438 0.010816754 0.015099992 0.003497214 0.034164457 0.019399866 0.011667709 0.019186749 0.019690053 0.011165068 0.008671379 0.019222036 0.007945008 0.002829495 0.008480952 0.019919187 0.019354269 0.019310912 0.003600116 0.020083255 0.019399223 0.011382889 0.011166002 0.031793713 0.003312939 0.009808365 0.009324119 0.034222180 0.010760698 0.000962523 0.002373925 0.023977622 0.012718596 0.008127729 0.007698319 0.012469895 0.016957877 0.014066160 0.007218171 0.002362921 0.004933799 0.005181797 0.001122202 0.003040189 0.000000000 0.013135010 0.008726516 
