219
STPY.0321.00001 0.00000000 0.08592344 0.08927942 0.08890618 0.08525763 0.09800849 0.08906438 0.09775809 0.09543284 0.08344511 0.09874020 0.08764974 0.08879686 0.00184056 0.08767693 0.08768514 0.09089726 0.09874020 0.08943344 0.09875251 0.08361234 0.08616547 0.08516220 0.08615604 0.08850718 0.08891916 0.08514780 0.09078766 0.08906276 0.08268743 0.09063040 0.09107691 0.09252869 0.08926369 0.09844478 0.09110441 0.08858015 0.08867398 0.08512247 0.08051552 0.08512390 0.00895906 0.08518623 0.00171514 0.08531926 0.00027301 0.08523453 0.09592443 0.08517115 0.09402841 0.08530856 0.08610627 0.08530812 0.08612790 0.08858202 0.08541628 0.08677828 0.08610416 0.08845739 0.09773530 0.08676610 0.08601716 0.08844449 0.08241813 0.08506311 0.08758370 0.09135079 0.08514880 0.08517428 0.08635475 0.08609418 0.08517438 0.08511298 0.08526929 0.08615290 0.08612817 0.08513697 0.08510294 0.08766331 0.08360955 0.09223809 0.08639597 0.09250374 0.09004844 0.08959103 0.10523178 0.08831601 0.09322011 0.08870999 0.08862131 0.08383279 0.08429779 0.08552428 0.08728390 0.08547145 0.09509211 0.09112492 0.09221653 0.09084632 0.08822115 0.08872746 0.08792057 0.09108456 0.09055200 0.08732958 0.08535230 0.08499784 0.08879474 0.08651829 0.08896111 0.08872388 0.00033603 0.00051465 0.00023100 0.09136814 0.09153901 0.08845756 0.09885238 0.08550399 0.02601196 0.00029401 0.09086011 0.09853921 0.09861507 0.09869029 0.09858784 0.08947913 0.09569960 0.09570020 0.09569948 0.08879071 0.09178767 0.10426306 0.08243547 0.07731962 0.08743534 0.10423683 0.08444564 0.09517215 0.07963292 0.09026853 0.09421742 0.03476263 0.09390616 0.08502751 0.09444813 0.09146692 0.09250194 0.09133872 0.10418604 0.09122140 0.08576553 0.10499859 0.08913384 0.08331505 0.09163706 0.09311092 0.09748745 0.09860324 0.00873190 0.09229141 0.09165090 0.09316855 0.08961725 0.08605325 0.08795277 0.08135409 0.09095792 0.10345436 0.09057811 0.08930223 0.09283196 0.10666556 0.08724476 0.08426025 0.09637353 0.08958536 0.10102957 0.09466112 0.09175300 0.08931733 0.00030465 0.08849628 0.08872952 0.08862810 0.08850753 0.09862843 0.08856735 0.09048192 0.08514882 0.10105870 0.09751185 0.09532475 0.09107900 0.08932376 0.09508149 0.10381516 0.08911637 0.08872212 0.09968749 0.08854328 0.08523137 0.08938583 0.09111867 0.10091613 0.08068092 0.10284186 0.08981578 0.08947766 0.08764782 0.09779611 0.09871214 0.08848264 0.08861677 0.08454573 0.08879381 0.08895412 0.09546955 0.08762279 
STPY.0321.00002 0.08592344 0.00000000 0.08185789 0.08195016 0.08388658 0.10021805 0.08167731 0.09359482 0.09001504 0.06611021 0.09709142 0.09192794 0.08134577 0.08574961 0.08176240 0.09208837 0.08596906 0.09709142 0.08906050 0.09710371 0.06629640 0.08470216 0.08380323 0.08471202 0.08231875 0.08196297 0.08376537 0.08580100 0.08280960 0.07404830 0.08714680 0.08966506 0.09459390 0.08303787 0.08846971 0.08302675 0.09416145 0.08242488 0.08376341 0.07402017 0.08374655 0.08513801 0.08382580 0.08563031 0.08388814 0.08581613 0.08387549 0.08393994 0.08381240 0.08871583 0.08394941 0.08464307 0.08394880 0.08470770 0.09416057 0.08405614 0.03461531 0.08466026 0.09403419 0.09115159 0.03460416 0.08467688 0.09402106 0.03847950 0.08372804 0.09185832 0.08361146 0.08378987 0.08379680 0.08499519 0.08465026 0.08379171 0.08373039 0.08391022 0.08470893 0.08468424 0.08377805 0.08374401 0.09198054 0.08082718 0.08371350 0.08053464 0.09067083 0.06375786 0.08510120 0.10319281 0.08289095 0.09248283 0.07702218 0.07553277 0.03219427 0.07565325 0.06932639 0.08028643 0.07410438 0.08126163 0.08464865 0.08275421 0.08296068 0.08180996 0.08252068 0.08177445 0.09065007 0.08213733 0.08021513 0.07499187 0.07616898 0.08139121 0.08775406 0.08200413 0.08258265 0.08588818 0.08610109 0.08581688 0.08447209 0.08421168 0.08227036 0.09722378 0.08415565 0.08618588 0.08583942 0.08593218 0.09691560 0.09700389 0.09706646 0.09696418 0.08292225 0.09793039 0.09793100 0.09793027 0.08260063 0.09388718 0.10618668 0.08297329 0.08363120 0.07786418 0.10616028 0.08784312 0.08569360 0.06782923 0.08682357 0.09520574 0.08723557 0.08856081 0.00038779 0.08595338 0.08162506 0.08441453 0.08396281 0.10610918 0.09097625 0.03194782 0.10688628 0.08868330 0.06601195 0.09353897 0.08797317 0.09973120 0.09694185 0.08491190 0.08484794 0.09320150 0.09241894 0.09049670 0.03628945 0.08181407 0.07000808 0.08537583 0.10893543 0.08708241 0.08170075 0.08951432 0.10003834 0.09158944 0.07463009 0.09386801 0.08250915 0.10007776 0.08933220 0.07783527 0.08330109 0.08578896 0.09395304 0.08183782 0.08243956 0.08231907 0.09700430 0.08231895 0.08711375 0.08378988 0.10005048 0.09334999 0.09763798 0.08620516 0.08234514 0.09730878 0.10923432 0.08169256 0.08134309 0.09547836 0.08235539 0.08387237 0.09389535 0.09206677 0.09925754 0.07417181 0.09943631 0.08274510 0.08241332 0.09195414 0.09363258 0.09424205 0.08229520 0.08242039 0.05578751 0.08139035 0.08153694 0.08703204 0.09206418 
STPY.0321.00003 0.08927942 0.08185789 0.00000000 0.08957256 0.08493263 0.10050772 0.00064092 0.10044466 0.09320425 0.06712055 0.09578291 0.09448457 0.00049351 0.08895062 0.09194373 0.09441040 0.08583116 0.09578291 0.08465832 0.09579519 0.06732692 0.08636937 0.08483699 0.08635607 0.08935083 0.08958559 0.08483069 0.09822454 0.08984222 0.06358716 0.09135834 0.09061249 0.09726973 0.09008745 0.10240007 0.09164438 0.09831923 0.08945218 0.08479714 0.06266116 0.08480382 0.08892527 0.08486073 0.08880667 0.08495945 0.08917174 0.08489768 0.08647630 0.08485964 0.08974001 0.08498366 0.08631005 0.08498318 0.08635165 0.09831627 0.08510970 0.08082210 0.08630402 0.09816456 0.08194232 0.08081005 0.08566885 0.09817557 0.08238255 0.08476152 0.09448345 0.08027553 0.08482357 0.08485425 0.08665689 0.08629402 0.08483741 0.08478767 0.08494431 0.08635291 0.08632810 0.08481172 0.08477760 0.09452248 0.09321887 0.08031016 0.08509104 0.09971752 0.09438186 0.09478371 0.11108133 0.09392990 0.09791615 0.09738799 0.09561276 0.08202945 0.07081834 0.07285516 0.08446774 0.06557137 0.08606502 0.09780012 0.10025654 0.09670974 0.09076205 0.08957441 0.09601185 0.09073006 0.09797630 0.09172947 0.07681868 0.06962976 0.00022046 0.09098540 0.08962770 0.08961957 0.08924422 0.08945876 0.08917252 0.09511776 0.09517915 0.08930090 0.09590055 0.08517933 0.08640512 0.08919514 0.08579433 0.09553700 0.09567225 0.09573415 0.09558554 0.09831362 0.10035877 0.10035939 0.10035864 0.08963536 0.08765591 0.10879874 0.08521307 0.09614905 0.06549381 0.10877221 0.09131908 0.08538564 0.06430178 0.09096536 0.09596537 0.09321409 0.08948783 0.08096374 0.08948588 0.08869783 0.08341990 0.09877491 0.10872091 0.08661505 0.08163213 0.10962163 0.08428870 0.06700354 0.08772099 0.09799454 0.09999615 0.09563315 0.08870880 0.09683915 0.09004653 0.09788476 0.09507401 0.08005037 0.09084737 0.06401546 0.09083557 0.10959666 0.09134423 0.09800127 0.08761633 0.10669220 0.09413142 0.06821580 0.09289915 0.09324086 0.10548874 0.09453188 0.09568856 0.07288545 0.08915650 0.09810427 0.08953309 0.08947209 0.08935118 0.09560970 0.08934525 0.09084307 0.08482359 0.10575868 0.10024573 0.10025413 0.09875592 0.09002539 0.09986814 0.10988062 0.00033671 0.00045149 0.10241009 0.08938695 0.08490632 0.09621123 0.09679708 0.09794475 0.06281054 0.10700466 0.09352303 0.09311537 0.09453600 0.10048295 0.10144264 0.08932608 0.08904352 0.07466386 0.00040947 0.00056679 0.09506136 0.09440201 
STPY.0321.00004 0.08890618 0.08195016 0.08957256 0.00000000 0.08678178 0.10041689 0.08930565 0.09904382 0.09204562 0.08570192 0.09701389 0.09194096 0.08897864 0.08824089 0.08410874 0.09139495 0.08714329 0.09701716 0.08865433 0.09702943 0.08590044 0.08778458 0.08668879 0.08777517 0.00358163 0.00001044 0.08666630 0.08199780 0.00406285 0.08115476 0.08273942 0.09295697 0.09318395 0.00386555 0.09036976 0.08474102 0.09177842 0.00373522 0.08663431 0.08392404 0.08664771 0.08890238 0.08671184 0.08812135 0.08679184 0.08874879 0.08673488 0.08973681 0.08669486 0.09115412 0.08680911 0.08772526 0.08680903 0.08777069 0.09177872 0.08696051 0.08179971 0.08769932 0.09165632 0.09581313 0.08178763 0.08755999 0.09164023 0.07970161 0.08661059 0.09194296 0.09321020 0.08667533 0.08669825 0.08806400 0.08771315 0.08667460 0.08661304 0.08679345 0.08777197 0.08774717 0.08666084 0.08663898 0.09199345 0.07394404 0.09103395 0.07746360 0.08522150 0.07599350 0.08584425 0.10307303 0.07734279 0.08989576 0.07879517 0.07768794 0.08245035 0.08383002 0.08452876 0.07920114 0.08682389 0.09297611 0.07974518 0.08210660 0.08150155 0.07888844 0.00359144 0.08184466 0.08998216 0.07791529 0.06556079 0.08464521 0.08605005 0.08902437 0.08944710 0.00004196 0.00379217 0.08882105 0.08903488 0.08879968 0.03603280 0.03581470 0.00354758 0.09708420 0.08702961 0.08785006 0.08877212 0.08710639 0.09680530 0.09687827 0.09696805 0.09686603 0.07747967 0.09992427 0.09992489 0.09992414 0.00383312 0.09739928 0.10695360 0.08496883 0.08081163 0.08837759 0.10692720 0.08879688 0.09338090 0.08395390 0.08237231 0.09415422 0.09215105 0.09098684 0.08106823 0.08826036 0.07858590 0.09259034 0.07936875 0.10687612 0.08913752 0.08220451 0.10777291 0.08826660 0.08566701 0.09715038 0.08742313 0.09986870 0.09684042 0.08863808 0.07981264 0.09647588 0.08979453 0.09143557 0.08171561 0.08363667 0.08354728 0.08314887 0.10721720 0.08271022 0.08156411 0.08718830 0.10639047 0.09160628 0.08437340 0.09726843 0.07876603 0.10256652 0.08623520 0.07980070 0.08977151 0.08877460 0.09157424 0.00083034 0.00369747 0.00358165 0.09690601 0.00364024 0.08273385 0.08667271 0.10283273 0.09879662 0.09973053 0.08217316 0.00121982 0.09947798 0.10749339 0.08938475 0.08902584 0.10085157 0.00362342 0.08673166 0.09312715 0.09299213 0.09916186 0.08409009 0.09453771 0.07904181 0.07871998 0.09197813 0.09908201 0.09992071 0.00357060 0.00358588 0.08054739 0.08899948 0.08918370 0.07918821 0.09137067 
STPY.0321.00005 0.08525763 0.08388658 0.08493263 0.08678178 0.00000000 0.09812188 0.08470786 0.09716040 0.08694682 0.08506721 0.09360576 0.07640864 0.08439823 0.08460821 0.07765215 0.07681877 0.09187788 0.09360576 0.09011693 0.09361790 0.08527620 0.00356287 0.00016668 0.00355248 0.08720817 0.08684337 0.00031261 0.08839554 0.08764735 0.08118716 0.08539773 0.00608208 0.09422964 0.08793969 0.09509295 0.08789807 0.09446100 0.08726142 0.00039595 0.08002258 0.00040633 0.08508800 0.00037547 0.08456160 0.00054214 0.08508960 0.00034381 0.09073295 0.00033339 0.08976606 0.00039593 0.00351052 0.00039598 0.00355232 0.09445998 0.00043799 0.08538560 0.00351044 0.09433434 0.09379254 0.08537351 0.00071089 0.09432129 0.08237197 0.00037506 0.07635176 0.08682760 0.00042719 0.00028129 0.00368437 0.00350004 0.00029171 0.00022919 0.00036465 0.00355237 0.00353138 0.00029171 0.00039592 0.07640196 0.08316937 0.08866995 0.08649177 0.09147552 0.08600946 0.08922181 0.10522604 0.08595724 0.08940325 0.08891238 0.08902425 0.08395178 0.08740847 0.08754326 0.08587538 0.08349791 0.09258910 0.08500746 0.09288824 0.09052121 0.08643825 0.08742375 0.08821144 0.09331874 0.08912497 0.08497863 0.08357193 0.08530619 0.08441990 0.07287106 0.08683614 0.08737496 0.08516112 0.08537242 0.08513802 0.09055036 0.09035046 0.08711008 0.09370580 0.00069863 0.08557120 0.08508785 0.09184084 0.09339775 0.09346259 0.09354664 0.09344576 0.08839649 0.09557686 0.09558847 0.09558776 0.08744113 0.08451573 0.10902206 0.06846041 0.08860674 0.08217453 0.10899562 0.07257229 0.09434544 0.08162828 0.08502852 0.09075227 0.09043528 0.08949111 0.08299485 0.09000343 0.08777526 0.09027007 0.08924699 0.10896904 0.09044469 0.08383540 0.10978369 0.08970435 0.08498468 0.08417759 0.09045012 0.09762688 0.09345793 0.08476519 0.08862243 0.08409259 0.08930299 0.09450041 0.08303202 0.07725677 0.08206665 0.08819076 0.10627838 0.08534138 0.08856729 0.08857046 0.10223373 0.07600195 0.08654417 0.10031295 0.08906497 0.10146962 0.09082339 0.08732435 0.08619223 0.08512509 0.09430735 0.08674289 0.08732860 0.08720852 0.09346941 0.08715547 0.08522983 0.00026044 0.10176593 0.09690356 0.09530467 0.08907363 0.08716763 0.09506243 0.10654144 0.08477580 0.08439413 0.09898283 0.08724425 0.00050013 0.07836067 0.09613099 0.09566879 0.08018718 0.09924718 0.08928441 0.08896792 0.07639596 0.09719826 0.09813227 0.08718393 0.08730360 0.08385783 0.08441901 0.08455375 0.09091276 0.07680375 
STPY.0321.00006 0.09800849 0.10021805 0.10050772 0.10041689 0.09812188 0.00000000 0.10021350 0.06162414 0.10047703 0.09672494 0.09664772 0.10001747 0.09994948 0.09775547 0.10132085 0.09995850 0.10110150 0.09664772 0.10007507 0.09665994 0.09693138 0.09901508 0.09802792 0.09902571 0.10005360 0.10048732 0.09802402 0.10527727 0.10048681 0.09798762 0.10045024 0.10441827 0.10183929 0.10087860 0.10934720 0.10573901 0.10135387 0.10009035 0.09798563 0.10073133 0.09793096 0.09819287 0.09806307 0.09766666 0.09820573 0.09782998 0.09807436 0.10696108 0.09804768 0.10083430 0.09817407 0.09895506 0.09817526 0.09902059 0.10134942 0.09827976 0.09965133 0.09897239 0.10122206 0.11024029 0.09963897 0.09859056 0.10120878 0.09675546 0.09794783 0.10001630 0.10391050 0.09801408 0.09801826 0.09935217 0.09896255 0.09798913 0.09795062 0.09813367 0.09902205 0.09898440 0.09799908 0.09797718 0.09998635 0.09946091 0.10403557 0.10025074 0.10448512 0.09857105 0.10699029 0.11201388 0.10156874 0.10505971 0.10222850 0.09945201 0.09820699 0.10222415 0.10317879 0.10045889 0.10095150 0.10888774 0.10572356 0.10361995 0.10356396 0.10143720 0.10030940 0.10288764 0.10408141 0.10448208 0.10089326 0.10527621 0.10182218 0.09994704 0.10260948 0.10047348 0.10021391 0.09790300 0.09812007 0.09787433 0.10393940 0.10436829 0.09994467 0.09676773 0.09808474 0.09677607 0.09782793 0.10106381 0.09644896 0.09653841 0.09659891 0.09649726 0.09807460 0.05275563 0.05276182 0.05276141 0.10028408 0.09182065 0.08111273 0.09715033 0.10164309 0.10225846 0.08108775 0.09730672 0.09976242 0.09732693 0.10001784 0.10154670 0.09997379 0.10059188 0.09918768 0.10758959 0.10343951 0.10617609 0.09819562 0.08103901 0.10271412 0.09886975 0.08189362 0.09968193 0.09665632 0.09111626 0.10165748 0.00108709 0.09648792 0.09782826 0.10202002 0.09417034 0.10504040 0.09782642 0.09863331 0.10131268 0.09660037 0.09731589 0.07393870 0.10039558 0.10241775 0.10294686 0.06110927 0.09958519 0.09770635 0.08537154 0.10121032 0.06511567 0.10764494 0.10105329 0.09933707 0.09786623 0.10119373 0.10036733 0.10015081 0.10005401 0.09652142 0.09998234 0.10032267 0.09801110 0.06539488 0.06139208 0.05248706 0.10584585 0.10083512 0.05226724 0.07427399 0.10035456 0.09992869 0.06315264 0.10008880 0.09809482 0.10183113 0.09944875 0.09846626 0.10088802 0.11537312 0.10142891 0.10108271 0.09995054 0.06165959 0.06249989 0.10002713 0.10017851 0.10061654 0.09994602 0.10010865 0.10230610 0.09995230 
STPY.0321.00007 0.08906438 0.08167731 0.00064092 0.08930565 0.08470786 0.10021350 0.00000000 0.10026826 0.09292434 0.06694726 0.09546868 0.09417647 0.00054426 0.08868642 0.09168103 0.09410254 0.08560347 0.09546868 0.08441045 0.09548092 0.06715286 0.08613957 0.08461257 0.08612611 0.08913497 0.08936903 0.08460625 0.09793840 0.08957448 0.06342711 0.09111771 0.09115168 0.09701033 0.08986824 0.10207553 0.09137055 0.09802053 0.08918591 0.08457284 0.06252701 0.08457971 0.08873575 0.08463599 0.08854299 0.08473458 0.08890683 0.08467304 0.08622224 0.08463514 0.08946119 0.08475871 0.08608046 0.08475819 0.08612171 0.09801773 0.08488410 0.08068388 0.08607426 0.09789077 0.08170400 0.08067186 0.08544070 0.09787756 0.08215521 0.08453738 0.09417536 0.08005593 0.08459920 0.08462996 0.08642546 0.08606429 0.08461298 0.08456343 0.08471951 0.08612297 0.08609825 0.08458739 0.08455339 0.09421424 0.09293935 0.08007854 0.08485374 0.09941369 0.09407482 0.09444974 0.11073406 0.09365977 0.09768637 0.09706933 0.09530009 0.08176725 0.07066705 0.07270165 0.08423240 0.06545182 0.08583552 0.09750314 0.09996347 0.09642908 0.09046789 0.08935728 0.09572182 0.09043661 0.09767927 0.09143090 0.07669060 0.06948649 0.00048142 0.09071450 0.08936056 0.08935239 0.08897904 0.08919277 0.08895778 0.09481850 0.09490343 0.08903499 0.09558523 0.08495354 0.08617507 0.08893014 0.08556677 0.09527006 0.09535869 0.09542021 0.09531844 0.09808693 0.10011374 0.10011436 0.10011362 0.08936821 0.08742143 0.10853483 0.08496233 0.09589461 0.06533832 0.10850838 0.09102228 0.08511176 0.06418598 0.09072611 0.09567578 0.09301817 0.08920986 0.08078682 0.08923252 0.08844619 0.08316543 0.09849903 0.10845725 0.08636037 0.08139554 0.10935508 0.08404242 0.06686768 0.08752846 0.09773370 0.09970391 0.09531941 0.08847009 0.09652188 0.08982963 0.09758757 0.09477519 0.07987595 0.09058910 0.06389553 0.09060050 0.10930553 0.09105979 0.09768018 0.08734477 0.10643412 0.09382445 0.06803940 0.09266152 0.09300903 0.10527383 0.09427151 0.09539970 0.07268061 0.08889179 0.09780672 0.08931665 0.08925589 0.08913532 0.09534250 0.08907936 0.09056063 0.08459922 0.10554294 0.10002119 0.10001687 0.09846778 0.08975660 0.09968111 0.10958897 0.00057723 0.00050263 0.10216954 0.08917101 0.08468165 0.09589317 0.09648848 0.09761863 0.06267596 0.10660684 0.09328980 0.09288403 0.09422759 0.10030645 0.10128705 0.08911033 0.08882837 0.07447622 0.00046048 0.00051283 0.09473830 0.09409406 
STPY.0321.00008 0.09775809 0.09359482 0.10044466 0.09904382 0.09716040 0.06162414 0.10026826 0.00000000 0.10011959 0.09531689 0.09468284 0.09892270 0.09995493 0.09753723 0.10028845 0.09886324 0.10199700 0.09468284 0.09880633 0.09469507 0.09549907 0.09767509 0.09706636 0.09766585 0.09860455 0.09905709 0.09706250 0.10359635 0.09916833 0.09755806 0.09744159 0.10312414 0.10118836 0.09939604 0.10335389 0.10147343 0.09995568 0.09877226 0.09702400 0.09872934 0.09700002 0.09727128 0.09708887 0.09741637 0.09716391 0.09763511 0.09711285 0.10213333 0.09708618 0.10070564 0.09721258 0.09761502 0.09721364 0.09766080 0.09995191 0.09731769 0.09520144 0.09761260 0.09982452 0.10811839 0.09518914 0.09794713 0.09981125 0.09123254 0.09698631 0.09884756 0.10078035 0.09705253 0.09707567 0.09791772 0.09760273 0.09702757 0.09698907 0.09717219 0.09766224 0.09763703 0.09703755 0.09700397 0.09896085 0.09891446 0.09964500 0.09864739 0.10370146 0.09502959 0.10465337 0.11139430 0.09934212 0.10495364 0.09539805 0.09627934 0.09427422 0.10170064 0.09926913 0.10074619 0.10088258 0.10318246 0.10430398 0.09903766 0.10264279 0.10067385 0.09885593 0.09900851 0.10574953 0.10191298 0.09893365 0.10043893 0.10051396 0.09997671 0.10156993 0.09910028 0.09887881 0.09770815 0.09792526 0.09763596 0.10180236 0.10169742 0.09855276 0.09482122 0.09741818 0.09530429 0.09763307 0.10195911 0.09447502 0.09462269 0.09467064 0.09452332 0.10161135 0.06314888 0.06314928 0.06314880 0.09889162 0.09238631 0.08714353 0.09946174 0.10046569 0.10155226 0.08711817 0.09590893 0.09651403 0.09623640 0.09713023 0.10097310 0.09967832 0.10052682 0.09261118 0.10475067 0.09937195 0.10084670 0.10214718 0.08706880 0.10057470 0.09408592 0.08786944 0.09852370 0.09521836 0.09160877 0.10204126 0.06116593 0.09458261 0.09695956 0.09997599 0.09319790 0.10488309 0.10184263 0.09427905 0.09921011 0.09697569 0.09717013 0.07384478 0.09742409 0.10175717 0.10382396 0.05597101 0.09847365 0.09763692 0.08985646 0.09822738 0.06598127 0.10634253 0.09828834 0.09763207 0.09761520 0.09981271 0.09887167 0.09870175 0.09860495 0.09454723 0.09866428 0.09721521 0.09704958 0.06657780 0.00043990 0.06281477 0.10424940 0.09943515 0.06257595 0.07417397 0.10032833 0.09990159 0.00190652 0.09863987 0.09713336 0.10076176 0.10344218 0.09652817 0.09886259 0.11570251 0.09841255 0.09805498 0.09891303 0.00005233 0.00072363 0.09857832 0.09872755 0.09865903 0.09997568 0.10009020 0.09914330 0.09885659 
STPY.0321.00009 0.09543284 0.09001504 0.09320425 0.09204562 0.08694682 0.10047703 0.09292434 0.10011959 0.00000000 0.08543523 0.09978912 0.09226267 0.09264209 0.09464473 0.09209938 0.09207175 0.09323393 0.09978912 0.09151519 0.09980142 0.08562169 0.08762209 0.08685401 0.08769421 0.09194403 0.09211076 0.08686918 0.09720540 0.09246994 0.08405663 0.09262046 0.09273581 0.10328376 0.09279564 0.10539997 0.09988740 0.10248978 0.09207912 0.08679964 0.08621262 0.08673238 0.09473997 0.08687719 0.09457870 0.08702311 0.09525634 0.08689882 0.09359579 0.08687394 0.09440343 0.08697291 0.08756296 0.08697387 0.08768974 0.10248474 0.08712536 0.09183665 0.08764226 0.10235676 0.10038325 0.09182440 0.08773614 0.10234340 0.08902311 0.08677595 0.09226158 0.09291671 0.08684058 0.08678277 0.08799641 0.08763232 0.08683984 0.08677839 0.08693356 0.08766728 0.08765407 0.08682610 0.08679209 0.09224750 0.09572785 0.09365429 0.08918280 0.09671408 0.09592958 0.09710871 0.10808953 0.09353481 0.09758735 0.09930985 0.09833686 0.09171840 0.09044133 0.09269939 0.09103028 0.08910712 0.09841555 0.09523972 0.09940535 0.09732094 0.09256372 0.09217500 0.09487971 0.09527735 0.09804351 0.09588870 0.09436283 0.08885536 0.09263986 0.09225138 0.09210097 0.09219668 0.09532911 0.09554515 0.09531111 0.09504427 0.09510688 0.09192952 0.09987860 0.08719428 0.09463411 0.09525436 0.09319669 0.09961216 0.09966413 0.09976318 0.09964694 0.09714851 0.10048581 0.10048644 0.10048569 0.09226451 0.09350151 0.10835935 0.08773927 0.09971130 0.09024970 0.10833288 0.09043460 0.09661831 0.08554220 0.09217711 0.09956400 0.09797011 0.09417559 0.08903129 0.09584380 0.09410328 0.09129938 0.09842478 0.10828170 0.09334548 0.09004922 0.10918041 0.09111151 0.08532993 0.09346083 0.09260870 0.09995422 0.09965341 0.09445673 0.09928423 0.09435284 0.09747804 0.09992263 0.09008762 0.09320823 0.08704707 0.09092810 0.10501838 0.09256645 0.09978684 0.09625694 0.10373872 0.09182244 0.08891301 0.09863844 0.09389929 0.10161338 0.09700273 0.09405867 0.09064276 0.09529247 0.10232813 0.09199831 0.09215302 0.09194439 0.09968543 0.09197214 0.09254148 0.08681304 0.10169486 0.09987212 0.10025321 0.09763239 0.09242860 0.09991621 0.10536306 0.09302395 0.09264323 0.10196384 0.09206774 0.08692050 0.09381396 0.10175224 0.10200124 0.08636667 0.10727615 0.09421524 0.09380064 0.09222334 0.10015783 0.10098943 0.09200677 0.09214617 0.08866315 0.09263890 0.09279995 0.09876258 0.09203384 
STPY.0321.00010 0.08344511 0.06611021 0.06712055 0.08570192 0.08506721 0.09672494 0.06694726 0.09531689 0.08543523 0.00000000 0.09087596 0.09037639 0.06668932 0.08298585 0.09001774 0.09049711 0.08120164 0.09087596 0.08342704 0.09088812 0.00109143 0.08569917 0.08497426 0.08569733 0.08562298 0.08576319 0.08498914 0.09199985 0.08612842 0.05607846 0.08805157 0.09061440 0.09251354 0.08633619 0.09707029 0.08804577 0.09362316 0.08574141 0.08493186 0.05746942 0.08492639 0.08309670 0.08499552 0.08286706 0.08507026 0.08327751 0.08503230 0.08516964 0.08498301 0.08299527 0.08511819 0.08563998 0.08511773 0.08569296 0.09362255 0.08523208 0.06310717 0.08562167 0.09349667 0.08523172 0.06309549 0.08582729 0.09348360 0.06625072 0.08489626 0.09037533 0.07675585 0.08496084 0.08497678 0.08593340 0.08563544 0.08494834 0.08489865 0.08507888 0.08569421 0.08566946 0.08493513 0.08491233 0.09040223 0.08940146 0.07507619 0.08453200 0.09592001 0.08801198 0.09325100 0.10609309 0.08881470 0.09425172 0.09287932 0.09234942 0.07049110 0.06442805 0.06291603 0.08575348 0.06054512 0.08276423 0.09004343 0.09518892 0.09097749 0.08646790 0.08583481 0.09025330 0.08726047 0.09020789 0.08783699 0.07221720 0.06028788 0.06668780 0.08670975 0.08575643 0.08584054 0.08334927 0.08356107 0.08331331 0.08944372 0.08956716 0.08552569 0.09095756 0.08531375 0.07974092 0.08330072 0.08116516 0.09068046 0.09075958 0.09082943 0.09072854 0.09020102 0.09394404 0.09394463 0.09394392 0.08585748 0.08194611 0.10454323 0.07915436 0.09085412 0.06068575 0.10451691 0.08735835 0.08403486 0.04630580 0.08766519 0.09173760 0.08623354 0.08279671 0.06530663 0.08650599 0.08590901 0.07852283 0.09220147 0.10446595 0.08476709 0.06186595 0.10532143 0.08314496 0.00097746 0.08148257 0.09110633 0.09621865 0.09073974 0.08277358 0.09034858 0.08413745 0.09424391 0.09405023 0.06224089 0.08855898 0.04980455 0.08724209 0.10254376 0.08799920 0.09480641 0.08274277 0.10242653 0.08995783 0.06450718 0.08900840 0.08879069 0.09996392 0.08840251 0.09151337 0.06996492 0.08326557 0.09348495 0.08558730 0.08574391 0.08562331 0.09075190 0.08563507 0.08829242 0.08495827 0.09983979 0.09507142 0.09372128 0.09246040 0.08606390 0.09339488 0.10285785 0.06698654 0.06667776 0.09726083 0.08565935 0.08504092 0.09228892 0.09564386 0.09264805 0.05760612 0.09509352 0.08894587 0.08862807 0.09041417 0.09535477 0.09619902 0.08559888 0.08572891 0.05191463 0.06668708 0.06684093 0.09196801 0.09048724 
STPY.0321.00011 0.09874020 0.09709142 0.09578291 0.09701389 0.09360576 0.09664772 0.09546868 0.09468284 0.09978912 0.09087596 0.00000000 0.09618675 0.09523194 0.09813581 0.10206726 0.09608344 0.09451376 0.00000011 0.09617649 0.00001042 0.09104546 0.09317777 0.09351218 0.09316847 0.09714752 0.09708543 0.09344555 0.09948936 0.09758244 0.08749663 0.09316618 0.09836375 0.10315106 0.09795843 0.10881060 0.09931798 0.09877409 0.09719134 0.09346986 0.09232046 0.09347036 0.09777681 0.09354249 0.09809556 0.09364443 0.09857681 0.09358247 0.10039537 0.09351697 0.09629981 0.09365751 0.09311812 0.09365812 0.09316368 0.09877092 0.09377193 0.09790708 0.09309190 0.09864734 0.09882953 0.09789471 0.09441268 0.09863081 0.09540806 0.09343284 0.09618884 0.09784948 0.09349849 0.09352152 0.09346749 0.09310592 0.09349771 0.09343549 0.09361750 0.09314112 0.09314006 0.09348369 0.09344947 0.09618500 0.09789411 0.09635591 0.09525844 0.10450219 0.10085171 0.10210082 0.10895890 0.09590136 0.09936124 0.10200844 0.10235202 0.09547950 0.09555014 0.09658905 0.09531410 0.09537158 0.09830632 0.09958931 0.10207306 0.09885974 0.09665732 0.09740949 0.10055216 0.09840108 0.10126536 0.09416847 0.09783711 0.09487169 0.09520553 0.10410475 0.09707324 0.09731271 0.09865005 0.09886782 0.09862170 0.09979619 0.09931710 0.09704098 0.00059930 0.09385985 0.09902816 0.09860038 0.09447639 0.00023058 0.00065001 0.00035640 0.00029348 0.10004059 0.09500875 0.09500934 0.09500863 0.09738203 0.09032356 0.10668215 0.09748880 0.10080421 0.09301332 0.10665573 0.09519495 0.09997115 0.09084047 0.09273647 0.09552592 0.09898704 0.09611820 0.09611931 0.09830763 0.09745424 0.09875728 0.10147624 0.10660462 0.09639908 0.09635288 0.10750198 0.09577672 0.09079417 0.08989197 0.10373766 0.09615342 0.00102877 0.09746476 0.10013835 0.09121819 0.09916426 0.10370767 0.09922906 0.10134026 0.09277308 0.09572290 0.09396887 0.09307754 0.10162750 0.10090429 0.09856115 0.09579895 0.09649038 0.09948883 0.09968206 0.09197566 0.10618310 0.10012015 0.09225981 0.09859716 0.09861616 0.09697327 0.09724795 0.09714791 0.00028307 0.09708044 0.09090939 0.09349565 0.09224593 0.09443758 0.09469989 0.10010632 0.09740902 0.09445838 0.09425655 0.09559884 0.09521026 0.09644121 0.09718295 0.09357897 0.09793084 0.10542768 0.00164663 0.09248814 0.10776170 0.09995512 0.09958175 0.09614507 0.09472068 0.09549370 0.09712153 0.09727183 0.09645189 0.09520454 0.09536656 0.09961179 0.09606020 
STPY.0321.00012 0.08764974 0.09192794 0.09448457 0.09194096 0.07640864 0.10001747 0.09417647 0.09892270 0.09226267 0.09037639 0.09618675 0.00000000 0.09391701 0.08751807 0.08110622 0.00140442 0.09208420 0.09618998 0.08822952 0.09620219 0.09049885 0.07727326 0.07631462 0.07726372 0.08935213 0.09200902 0.07631802 0.09527537 0.08979095 0.08674949 0.08921539 0.08187528 0.09268202 0.09009924 0.09994540 0.09209488 0.08879066 0.08940571 0.07627471 0.08864277 0.07627713 0.08610578 0.07631760 0.08739896 0.07642008 0.08749354 0.07636275 0.09435906 0.07632488 0.09361980 0.07644707 0.07721489 0.07645698 0.07723641 0.08879243 0.07656291 0.09221614 0.07718960 0.08867103 0.09525376 0.09220390 0.07712885 0.08865519 0.08773751 0.07624077 0.00008374 0.09060808 0.07630156 0.07632650 0.07753153 0.07720298 0.07631498 0.07626627 0.07640871 0.07726094 0.07723664 0.07628989 0.07626817 0.00040839 0.08516022 0.09153037 0.08949542 0.09570934 0.09409991 0.08715986 0.10619905 0.08846362 0.09531514 0.09219871 0.09281323 0.09014133 0.09176964 0.09269789 0.08838485 0.09142736 0.09666062 0.09449319 0.09024588 0.08979013 0.08805587 0.08957764 0.08903102 0.09307054 0.09191194 0.08979825 0.09190270 0.09430795 0.09391475 0.07185542 0.09199929 0.08957228 0.08756548 0.08777823 0.08753170 0.09371573 0.09341513 0.08925211 0.09628038 0.07664603 0.08818172 0.08751678 0.09204705 0.09599154 0.09605238 0.09614136 0.09603981 0.08884785 0.09901811 0.09901872 0.09901799 0.08958801 0.09203439 0.10636598 0.07455993 0.09400571 0.09235088 0.10633965 0.01075184 0.09607271 0.09061524 0.08885513 0.09423614 0.09179645 0.09341741 0.09099293 0.09932462 0.09064144 0.09159298 0.08990427 0.10628870 0.08925476 0.09020517 0.10718326 0.08784083 0.09029108 0.09123304 0.09660878 0.09950819 0.09601392 0.08584367 0.08967158 0.09140587 0.09519597 0.09773528 0.09019917 0.08209075 0.09025411 0.09331521 0.10759357 0.08919776 0.09413625 0.09084299 0.10439836 0.00047155 0.09178294 0.08995528 0.09053497 0.10025479 0.09329527 0.09186587 0.08712856 0.08745363 0.08859172 0.09189675 0.08942802 0.08935249 0.09607941 0.08929629 0.08934294 0.07629012 0.10040466 0.09867612 0.09870315 0.09601550 0.09232865 0.09845225 0.10787704 0.09430273 0.09389346 0.10078876 0.08938811 0.07638301 0.00208858 0.09941681 0.09830423 0.08880934 0.09786872 0.09081070 0.09042484 0.00052371 0.09896080 0.09976860 0.08932749 0.08946566 0.09324975 0.09391378 0.09407502 0.09702329 0.00136279 
STPY.0321.00013 0.08879686 0.08134577 0.00049351 0.08897864 0.08439823 0.09994948 0.00054426 0.09995493 0.09264209 0.06668932 0.09523194 0.09391701 0.00000000 0.08841925 0.09137637 0.09384311 0.08528177 0.09523194 0.08412421 0.09524417 0.06689466 0.08582874 0.08430303 0.08581502 0.08880793 0.08904179 0.08429665 0.09762777 0.08924740 0.06316178 0.09082644 0.09082754 0.09675999 0.08953883 0.10180970 0.09106625 0.09774496 0.08885926 0.08426331 0.06228464 0.08427048 0.08844541 0.08432609 0.08827595 0.08442491 0.08863955 0.08436344 0.08590017 0.08432558 0.08920630 0.08444901 0.08576969 0.08444846 0.08581065 0.09774230 0.08457402 0.08037814 0.08576324 0.09761547 0.08140899 0.08036613 0.08512938 0.09760227 0.08184824 0.08422792 0.09391590 0.07975121 0.08428968 0.08432067 0.08611356 0.08575327 0.08430344 0.08425394 0.08440986 0.08581190 0.08578721 0.08427787 0.08424390 0.09395474 0.09263366 0.07978605 0.08454393 0.09910149 0.09376895 0.09419021 0.11041009 0.09334064 0.09742406 0.09678423 0.09499203 0.08147286 0.07039402 0.07243827 0.08392282 0.06516091 0.08555959 0.09720523 0.09965125 0.09611977 0.09018876 0.08902913 0.09541324 0.09015670 0.09741736 0.09115012 0.07638905 0.06921489 0.00033469 0.09044605 0.08903348 0.08902522 0.08871171 0.08892522 0.08869031 0.09454700 0.09460741 0.08870826 0.09534790 0.08464349 0.08588760 0.08866285 0.08524510 0.09503358 0.09512225 0.09518360 0.09508193 0.09778890 0.09984988 0.09985050 0.09984976 0.08904113 0.08713293 0.10821288 0.08468740 0.09563393 0.06504741 0.10818646 0.09076525 0.08483801 0.06389636 0.09043537 0.09539150 0.09272329 0.08895512 0.08045798 0.08889452 0.08814437 0.08288146 0.09820063 0.10813538 0.08607267 0.08110157 0.10905693 0.08375683 0.06660971 0.08724004 0.09742354 0.09944042 0.09508275 0.08818008 0.09628491 0.08953825 0.09733798 0.09450279 0.07957102 0.09028599 0.06360659 0.09029673 0.10900756 0.09076860 0.09737031 0.08705610 0.10616287 0.09356514 0.06774661 0.09242817 0.09269009 0.10500504 0.09402391 0.09506738 0.07242944 0.08862467 0.09753169 0.08898938 0.08892876 0.08880828 0.09510593 0.08875281 0.09027007 0.08428969 0.10527392 0.09970809 0.09975220 0.09815660 0.08942889 0.09941753 0.10929111 0.00043003 0.00031393 0.10185321 0.08884398 0.08437205 0.09562924 0.09621147 0.09737724 0.06243347 0.10635679 0.09297008 0.09256526 0.09396798 0.09999307 0.10097231 0.08878335 0.08850126 0.07417704 0.00033469 0.00047072 0.09446625 0.09383454 
STPY.0321.00014 0.00184056 0.08574961 0.08895062 0.08824089 0.08460821 0.09775547 0.08868642 0.09753723 0.09464473 0.08298585 0.09813581 0.08751807 0.08841925 0.00000000 0.08748680 0.08765881 0.09014292 0.09813581 0.08893323 0.09814811 0.08315295 0.08589896 0.08451288 0.08588953 0.08837604 0.08830370 0.08451212 0.09063466 0.08888162 0.08249676 0.09051905 0.09080032 0.09254182 0.08908375 0.09849215 0.09092109 0.08834818 0.08849297 0.08447313 0.08038307 0.08447464 0.00816504 0.08450441 0.00035718 0.08468307 0.00173432 0.08458513 0.09516407 0.08453546 0.09336241 0.08465906 0.08583980 0.08465854 0.08586142 0.08835017 0.08476624 0.08649361 0.08583769 0.08822560 0.09743788 0.08648143 0.08536483 0.08821270 0.08175000 0.08441392 0.08745213 0.09091302 0.08449951 0.08452494 0.08610172 0.08582771 0.08452505 0.08446372 0.08461985 0.08588640 0.08586169 0.08448769 0.08445368 0.08751762 0.08368244 0.09179935 0.08622598 0.09193224 0.08965830 0.08893974 0.10516947 0.08779761 0.09253698 0.08830825 0.08826784 0.08358043 0.08341895 0.08551755 0.08674547 0.08528300 0.09490001 0.09098110 0.09230480 0.09081150 0.08788046 0.08859604 0.08782552 0.09083983 0.09014931 0.08684844 0.08513573 0.08485336 0.08841714 0.08649453 0.08829573 0.08850937 0.00179747 0.00197659 0.00173525 0.09100459 0.09112560 0.08827660 0.09824663 0.08485391 0.02557037 0.00175536 0.09010582 0.09793523 0.09801129 0.09808617 0.09798383 0.08931095 0.09552031 0.09552091 0.09552019 0.08860965 0.09188237 0.10396775 0.08132703 0.07723031 0.08703883 0.10394152 0.08401283 0.09428928 0.07950038 0.09011991 0.09412199 0.03451956 0.09323967 0.08484068 0.09433964 0.09128380 0.09188270 0.09112150 0.10389074 0.09117202 0.08540928 0.10470336 0.08866773 0.08290265 0.09173171 0.09251326 0.09723480 0.09797375 0.00793297 0.09188688 0.09167605 0.09243363 0.08881175 0.08590156 0.08778469 0.08043333 0.09026327 0.10318573 0.09046679 0.08896210 0.09267525 0.10611582 0.08709922 0.08331211 0.09782595 0.08894102 0.10039156 0.09451112 0.09156949 0.08909944 0.00176691 0.08826435 0.08811442 0.08849701 0.08837639 0.09798322 0.08838636 0.09029782 0.08449952 0.10042071 0.09729099 0.09519938 0.09092608 0.08864313 0.09495635 0.10354679 0.08878791 0.08839439 0.09940898 0.08841217 0.08458199 0.08935893 0.09031757 0.10030267 0.08054853 0.10270072 0.08920375 0.08883363 0.08751617 0.09757526 0.09850702 0.08835150 0.08848551 0.08423883 0.08841622 0.08857642 0.09522502 0.08761057 
STPY.0321.00015 0.08767693 0.08176240 0.09194373 0.08410874 0.07765215 0.10132085 0.09168103 0.10028845 0.09209938 0.09001774 0.10206726 0.08110622 0.09137637 0.08748680 0.00000000 0.08116251 0.09182921 0.10206726 0.08828324 0.10207961 0.09018027 0.07799904 0.07755813 0.07799638 0.08433840 0.08416881 0.07757390 0.08366026 0.08478023 0.08770042 0.08604646 0.08272310 0.09455639 0.08504199 0.08926149 0.08292415 0.09492146 0.08439545 0.07751834 0.09012093 0.07752061 0.08642177 0.07757382 0.08742822 0.07772209 0.08753045 0.07759414 0.08652907 0.07758050 0.09418397 0.07767870 0.07793388 0.07769386 0.07796907 0.09492020 0.07779629 0.08256120 0.07792229 0.09479417 0.09866833 0.08254915 0.07835237 0.09478108 0.07908805 0.07748423 0.08104554 0.08702949 0.07754506 0.07757002 0.07826608 0.07792883 0.07755147 0.07750295 0.07766367 0.07799358 0.07796929 0.07753339 0.07749970 0.08109705 0.07587336 0.08885731 0.08414864 0.09030421 0.07913247 0.08149747 0.09492992 0.08217813 0.08882324 0.07964937 0.07862637 0.08297764 0.09136575 0.08408308 0.08395773 0.09142374 0.09458379 0.08109502 0.07780433 0.08253091 0.08339091 0.08455878 0.08086972 0.08539472 0.08451321 0.08106831 0.08405075 0.09385313 0.09139817 0.07935890 0.08416283 0.08450714 0.08760239 0.08781516 0.08758046 0.08298563 0.08347669 0.08424241 0.10219868 0.07789028 0.08618979 0.08752864 0.09179213 0.10186427 0.10195077 0.10201600 0.10191305 0.07563540 0.10224536 0.10224599 0.10224523 0.08457262 0.09947724 0.10614829 0.07926935 0.08436302 0.09408528 0.10612197 0.07806942 0.09071889 0.09171347 0.08564639 0.09562471 0.09265725 0.09392014 0.08086028 0.09375767 0.07893319 0.09076800 0.07611988 0.10607103 0.08963603 0.08115553 0.10688473 0.08789722 0.08994883 0.09941628 0.08855737 0.10079818 0.10189193 0.08613301 0.08618506 0.09769554 0.08868812 0.09293018 0.08121666 0.01776248 0.09178496 0.08714320 0.11001000 0.08598191 0.08354935 0.08533852 0.10237412 0.08074352 0.08846133 0.09280809 0.08285661 0.09916636 0.08257111 0.08234206 0.09552545 0.08757904 0.09476704 0.08406832 0.08445896 0.08433874 0.10191197 0.08428964 0.08582589 0.07754506 0.09931560 0.10004178 0.10204911 0.08342805 0.08450332 0.10181399 0.11036716 0.09177755 0.09140088 0.10212980 0.08437478 0.07762648 0.08270360 0.09455618 0.10429034 0.09028806 0.09685560 0.08313340 0.08277389 0.08109271 0.10032657 0.10117817 0.08431459 0.08442987 0.08510118 0.09139722 0.09153377 0.09153651 0.08111485 
STPY.0321.00016 0.08768514 0.09208837 0.09441040 0.09139495 0.07681877 0.09995850 0.09410254 0.09886324 0.09207175 0.09049711 0.09608344 0.00140442 0.09384311 0.08765881 0.08116251 0.00000000 0.09200926 0.09608666 0.08813165 0.09609888 0.09061964 0.07768407 0.07672468 0.07767452 0.08881004 0.09146266 0.07674030 0.09507123 0.08924928 0.08691614 0.08911460 0.08230030 0.09265036 0.08953946 0.09987163 0.09218742 0.08864970 0.08886431 0.07668479 0.08875318 0.07668716 0.08628336 0.07672811 0.08753968 0.07684236 0.08751481 0.07677285 0.09431112 0.07674708 0.09358418 0.07685724 0.07762566 0.07686721 0.07764718 0.08865153 0.07697351 0.09238507 0.07760034 0.08853013 0.09540290 0.09237283 0.07754079 0.08851430 0.08780833 0.07665077 0.00140445 0.09063294 0.07671161 0.07673658 0.07795558 0.07761374 0.07672505 0.07667629 0.07681884 0.07767173 0.07764741 0.07669993 0.07667820 0.00143592 0.08502942 0.09155537 0.08960288 0.09573608 0.09394015 0.08735083 0.10609332 0.08816331 0.09538573 0.09213916 0.09263052 0.09032304 0.09184270 0.09273806 0.08822775 0.09158436 0.09673480 0.09432517 0.09006544 0.08974311 0.08786103 0.08904704 0.08888545 0.09294871 0.09154750 0.08953290 0.09210776 0.09445357 0.09384085 0.07192607 0.09145319 0.08903020 0.08758676 0.08779953 0.08755299 0.09300128 0.09268498 0.08871042 0.09617687 0.07705657 0.08826242 0.08753805 0.09197212 0.09588824 0.09594914 0.09603808 0.09593651 0.08885781 0.09891060 0.09891122 0.09891048 0.08904610 0.09201160 0.10634455 0.07501619 0.09365652 0.09248443 0.10631822 0.01130817 0.09605719 0.09077419 0.08873737 0.09412689 0.09169599 0.09338176 0.09113739 0.09921574 0.09053492 0.09162936 0.08992564 0.10626726 0.08908425 0.09034917 0.10716191 0.08774576 0.09043582 0.09121019 0.09655068 0.09944921 0.09591056 0.08600731 0.08955063 0.09139522 0.09526646 0.09770852 0.09023852 0.08213565 0.09041273 0.09306506 0.10754487 0.08909426 0.09400487 0.09075262 0.10436340 0.00103798 0.09187981 0.08983565 0.09043575 0.10008530 0.09327073 0.09169508 0.08708422 0.08748893 0.08845091 0.09135033 0.08888593 0.08881039 0.09596059 0.08875495 0.08923950 0.07670016 0.10023515 0.09861664 0.09859351 0.09583558 0.09176706 0.09834478 0.10782842 0.09422863 0.09381953 0.10072915 0.08884607 0.07679311 0.00119722 0.09940612 0.09820002 0.08891982 0.09773440 0.09071122 0.09032564 0.00144693 0.09890133 0.09972531 0.08878548 0.08892286 0.09337113 0.09383988 0.09400112 0.09697612 0.00004189 
