112
BUMA.1121.00001 0.000000000 0.089910271 0.099118172 0.091002314 0.076810554 0.091454498 0.083648437 0.091091570 0.080582779 0.092088956 0.076492637 0.028321199 0.089563589 0.026680851 0.091125644 0.032210823 0.090672365 0.027336417 0.090896652 0.090698175 0.025443042 0.089365514 0.026921092 0.092174418 0.026845550 0.088778974 0.077886155 0.091863521 0.004403841 0.090647093 0.026806287 0.090709779 0.041924704 0.090620350 0.002103725 0.089640078 0.025928777 0.091425828 0.026668337 0.093271484 0.071963182 0.089431075 0.033050483 0.090639366 0.078270631 0.091705235 0.069356984 0.091519829 0.069426876 0.091766537 0.072533333 0.090473457 0.067804417 0.091615754 0.067717092 0.067304866 0.065677386 0.066321725 0.065857655 0.078430558 0.072593528 0.066650311 0.074160222 0.066042090 0.063962186 0.072607570 0.068180822 0.086401525 0.072137098 0.075747492 0.072587133 0.072608264 0.073194786 0.066690237 0.078504117 0.069660803 0.090520668 0.086392602 0.086372935 0.068913439 0.092312121 0.066040770 0.066110772 0.066021642 0.089801955 0.089709518 0.090183084 0.067490419 0.066998581 0.023398377 0.067794102 0.064828020 0.065153356 0.066357834 0.089766207 0.082453401 0.078793707 0.078391365 0.079970087 0.087996526 0.081187580 0.069210106 0.081334795 0.066223054 0.067678929 0.067354375 0.077595684 0.079773388 0.083768530 0.081363016 0.031486205 0.076168051 
BUMA.1121.00002 0.089910271 0.000000000 0.112496895 0.003373330 0.085490782 0.004650299 0.095442148 0.003579102 0.092461419 0.001435350 0.089517901 0.085880359 0.003493322 0.086979165 0.004253356 0.089133043 0.003359458 0.086398097 0.003370167 0.003368716 0.084765506 0.002364091 0.086777583 0.004604807 0.085877327 0.006419490 0.092027849 0.004126817 0.088983598 0.003358630 0.086441435 0.003332498 0.102400699 0.003368508 0.087042436 0.002499594 0.085694571 0.004647552 0.086450691 0.006508174 0.070855113 0.006341837 0.091222122 0.003358371 0.089761662 0.004309110 0.084554933 0.004652901 0.079390083 0.004265153 0.089510290 0.003936439 0.075039349 0.004657644 0.078252362 0.081741368 0.079795386 0.082290925 0.081607228 0.089946199 0.072819818 0.080720853 0.072631926 0.079111039 0.079747099 0.071004141 0.079881366 0.099232232 0.071369991 0.073531046 0.072035333 0.072433565 0.071203999 0.079638916 0.092032698 0.082752743 0.101305076 0.082728549 0.103340086 0.086507865 0.005155334 0.079064128 0.079157798 0.081925265 0.003525766 0.002412059 0.002408093 0.082373691 0.081559790 0.083579767 0.075924339 0.079480718 0.079876426 0.081718284 0.100683864 0.093847195 0.090614444 0.092367948 0.091557891 0.098827984 0.093286025 0.071339424 0.095219090 0.078514051 0.082703317 0.080002814 0.092111629 0.093317406 0.093465754 0.091855070 0.090943875 0.090472605 
BUMA.1121.00003 0.099118172 0.112496895 0.000000000 0.113682386 0.100314611 0.114205215 0.098034990 0.113716106 0.087233928 0.114839936 0.090977864 0.094836864 0.112114420 0.096160220 0.114172623 0.097379819 0.113236084 0.095993757 0.113636277 0.113268609 0.094630555 0.111816218 0.095251240 0.114816302 0.095417824 0.111059400 0.105818644 0.114654909 0.098354720 0.113203812 0.095222675 0.113290509 0.111525425 0.113277314 0.096365305 0.112196672 0.095094928 0.114350631 0.095542743 0.115850540 0.092923181 0.112031193 0.099903385 0.113194000 0.095025731 0.114746495 0.094212575 0.114288256 0.093139995 0.114654791 0.098736409 0.113162352 0.095123777 0.114410371 0.093303681 0.092229991 0.093126386 0.092680418 0.092942521 0.094973902 0.094744239 0.093550598 0.095302009 0.092824330 0.093166231 0.093807736 0.091148511 0.092308469 0.094147065 0.097440931 0.093942907 0.093377396 0.094966878 0.092476688 0.106826959 0.096904184 0.101886730 0.110130942 0.115204037 0.096428466 0.115160946 0.093244645 0.093357110 0.092128348 0.112410960 0.112589849 0.112966007 0.092464070 0.091936452 0.093865439 0.093053587 0.092398292 0.092845487 0.092421600 0.103873807 0.087808866 0.094759507 0.094670280 0.092906480 0.085982643 0.093535173 0.094017491 0.096309981 0.093539497 0.092944828 0.092987306 0.095330393 0.093248808 0.092052050 0.092130250 0.100663330 0.093802787 
BUMA.1121.00004 0.091002314 0.003373330 0.113682386 0.000000000 0.086538752 0.005001725 0.096559210 0.000259480 0.093420822 0.004856080 0.090656481 0.086935456 0.003861273 0.088024837 0.004641809 0.090160661 0.000024651 0.087475217 0.000049558 0.000061711 0.085771752 0.002147259 0.087762867 0.001311745 0.086951043 0.006806853 0.092972216 0.000829614 0.090067034 0.000024652 0.087477320 0.000049440 0.103961206 0.000037069 0.088148161 0.002243803 0.086795246 0.004996510 0.087544147 0.007054080 0.071845024 0.006818735 0.092379252 0.000024650 0.090854884 0.004682041 0.085607992 0.005007471 0.080581505 0.004635870 0.090500730 0.004309860 0.075952888 0.005003787 0.079190709 0.082648931 0.080666996 0.083313565 0.082661530 0.091034528 0.073755900 0.081589759 0.073657864 0.080052659 0.080815664 0.072185941 0.080802331 0.100343740 0.072492039 0.074649876 0.073230655 0.073513567 0.072293044 0.080548991 0.093303258 0.083728065 0.102507087 0.083956122 0.104595830 0.087519263 0.005508626 0.079953886 0.080049508 0.082894957 0.003888715 0.002157717 0.002155050 0.083289755 0.082316144 0.084615366 0.076871295 0.080494178 0.080892388 0.082768729 0.101838130 0.094914419 0.091833594 0.093471310 0.092715498 0.099929823 0.094271244 0.072222976 0.096552415 0.079677963 0.083675226 0.080965835 0.093373415 0.094600432 0.094922484 0.092954230 0.092069511 0.091585404 
BUMA.1121.00005 0.076810554 0.085490782 0.100314611 0.086538752 0.000000000 0.087040506 0.084021830 0.086621340 0.082026843 0.087685449 0.080303302 0.072523928 0.085042090 0.073697358 0.086919107 0.076173706 0.086214606 0.070476070 0.086507398 0.086232256 0.071943580 0.084847779 0.073022191 0.087721293 0.072178624 0.084410654 0.080167724 0.087480982 0.075959577 0.086179958 0.073115601 0.086249272 0.088490332 0.086249478 0.074189000 0.085211409 0.072659742 0.087150742 0.072944071 0.088751773 0.063988607 0.085135358 0.077670172 0.086182855 0.081454402 0.087412004 0.073478947 0.087103467 0.071394650 0.087328972 0.075958850 0.085921545 0.067708566 0.087195887 0.064669146 0.072677686 0.068231630 0.071734248 0.072368536 0.081621530 0.065219366 0.072170191 0.065415953 0.070346061 0.068003176 0.067273311 0.070377673 0.089464366 0.067035255 0.068302799 0.065399374 0.066185960 0.066065958 0.070663632 0.080089920 0.072671200 0.094154288 0.081341637 0.090232087 0.074575764 0.087908380 0.068407164 0.068439214 0.071557018 0.085255333 0.085418852 0.085699403 0.071342099 0.072448903 0.069853377 0.060885817 0.071792049 0.072232351 0.072786710 0.090523560 0.084273761 0.080415606 0.081529996 0.082486140 0.088750974 0.083680570 0.063413834 0.085021634 0.069483987 0.071847880 0.070410955 0.082863572 0.082992862 0.085571828 0.084791749 0.077998869 0.080371119 
BUMA.1121.00006 0.091454498 0.004650299 0.114205215 0.005001725 0.087040506 0.000000000 0.097000636 0.005205586 0.093928588 0.006140668 0.091098898 0.087414584 0.003162181 0.088539715 0.002344420 0.090595044 0.004982068 0.087940288 0.004997000 0.004988354 0.086273793 0.003972287 0.088283376 0.006242732 0.087408441 0.007048634 0.093519517 0.005760590 0.090532494 0.004979168 0.087988624 0.004952510 0.104498855 0.004989745 0.088606554 0.004117269 0.087229535 0.000000048 0.087939272 0.006537857 0.072179219 0.007072392 0.092855636 0.004979009 0.091324419 0.002426832 0.086077188 0.000000048 0.080988778 0.002378842 0.090949841 0.003609742 0.076384834 0.000000048 0.079641943 0.083112660 0.081159432 0.083781164 0.083056884 0.091504926 0.074142974 0.082040143 0.074060689 0.080536043 0.081284499 0.072555180 0.081296655 0.100674672 0.072918263 0.075122836 0.073581914 0.073921677 0.072779455 0.081013460 0.094132590 0.084171543 0.102919756 0.084211360 0.105092498 0.087993069 0.000483375 0.080438109 0.080534635 0.083315050 0.003194766 0.004036560 0.004043713 0.083738599 0.082769967 0.085082106 0.077302623 0.080896657 0.081295242 0.083198385 0.102238974 0.095427449 0.092274845 0.094061731 0.093094926 0.099867542 0.094889581 0.072600337 0.096910903 0.080007039 0.084160532 0.081385268 0.093873910 0.094930493 0.095411377 0.093417172 0.092538783 0.092021868 
BUMA.1121.00007 0.083648437 0.095442148 0.098034990 0.096559210 0.084021830 0.097000636 0.000000000 0.096582265 0.079556970 0.097668338 0.077836150 0.079776529 0.095096420 0.080313161 0.096950918 0.082946840 0.096140166 0.080922602 0.096452136 0.096176520 0.080361329 0.094865452 0.080634599 0.097703169 0.080389007 0.094339522 0.089537475 0.097479266 0.082680731 0.096113267 0.079764988 0.096190564 0.095265049 0.096147185 0.081001396 0.095190920 0.079150914 0.097122280 0.080384137 0.098712974 0.077791300 0.095088667 0.084635636 0.096105055 0.078176802 0.097439308 0.080633226 0.097070109 0.079321228 0.097354116 0.081885773 0.096039123 0.079124322 0.097172153 0.077926319 0.078706950 0.077620048 0.078533950 0.078985573 0.078369902 0.078727181 0.077795937 0.079093419 0.078737646 0.079465550 0.079101798 0.076647011 0.087598083 0.079218015 0.081444457 0.079662372 0.079115015 0.078988456 0.077430331 0.088382720 0.080474222 0.089661256 0.090157740 0.095935113 0.082537275 0.097880351 0.078146034 0.078186062 0.078450762 0.095348578 0.095346866 0.095673901 0.077772091 0.078359907 0.077646615 0.078464635 0.077784898 0.078128788 0.077818406 0.088178377 0.081948168 0.077441843 0.079106423 0.079097505 0.087345855 0.079946703 0.077415897 0.082584369 0.077381658 0.078568399 0.077627261 0.079892355 0.077867926 0.082694187 0.080525584 0.085030647 0.076311443 
BUMA.1121.00008 0.091091570 0.003579102 0.113716106 0.000259480 0.086621340 0.005205586 0.096582265 0.000000000 0.093611997 0.005059964 0.090730309 0.087023481 0.004065976 0.088119283 0.004847259 0.090235520 0.000258764 0.087554451 0.000259473 0.000270790 0.085854320 0.002354633 0.087849868 0.001481998 0.087031262 0.007031913 0.093045466 0.001040120 0.090157840 0.000258773 0.087572226 0.000259034 0.104029201 0.000271310 0.088241525 0.002414757 0.086875594 0.005203114 0.087623354 0.007253130 0.071949978 0.007046266 0.092450400 0.000258753 0.090927220 0.004900786 0.085690322 0.005211554 0.080672202 0.004854935 0.090575454 0.004517249 0.076123479 0.005210680 0.079298440 0.082736195 0.080757550 0.083399530 0.082748755 0.091106644 0.073858134 0.081678648 0.073775316 0.080193325 0.080921323 0.072254620 0.080892406 0.100349066 0.072559755 0.074765798 0.073348751 0.073616398 0.072412315 0.080639575 0.093390030 0.083829141 0.102593109 0.084058143 0.104647512 0.087598757 0.005715204 0.080045340 0.080140937 0.082996486 0.004095790 0.002366078 0.002364373 0.083375623 0.082403638 0.084699248 0.076967886 0.080544178 0.080941483 0.082855737 0.101869268 0.094941612 0.091921041 0.093478007 0.092699172 0.099965408 0.094542258 0.072409852 0.096616285 0.079729796 0.083760509 0.081055636 0.093458258 0.094682244 0.095004513 0.093054441 0.092141358 0.091610614 
BUMA.1121.00009 0.080582779 0.092461419 0.087233928 0.093420822 0.082026843 0.093928588 0.079556970 0.093611997 0.000000000 0.094604731 0.071430624 0.077110368 0.092098258 0.077547708 0.093844608 0.079566857 0.093181264 0.078260571 0.093493461 0.093215171 0.076854816 0.091803293 0.077819773 0.094698198 0.077653956 0.091273396 0.085659252 0.094256040 0.079647357 0.093155389 0.076923101 0.093220300 0.093172017 0.093201912 0.077833687 0.092143302 0.077883004 0.094045598 0.077550111 0.095711902 0.074412968 0.092131534 0.081601016 0.093147483 0.076661782 0.094380931 0.076357088 0.093995415 0.075359627 0.094297235 0.079919720 0.093010632 0.076433812 0.094093553 0.075877166 0.073327636 0.074181343 0.074990878 0.074369947 0.076628502 0.076327767 0.075732094 0.075831214 0.074647916 0.075818976 0.075704547 0.074318203 0.079280523 0.075933411 0.077607030 0.075276149 0.075184326 0.075335962 0.074564710 0.086925988 0.077777740 0.084024186 0.089595477 0.094882463 0.077863319 0.094791538 0.074506488 0.074543201 0.073196552 0.092333991 0.092417867 0.092787375 0.074986420 0.073114379 0.075327623 0.074646488 0.074238735 0.074299140 0.073837941 0.082965902 0.068765611 0.076378566 0.076749440 0.074810348 0.077650810 0.074258835 0.074981215 0.079367956 0.075118542 0.074805761 0.075119483 0.076848779 0.074378897 0.074719166 0.074933722 0.083120242 0.074815364 
BUMA.1121.00010 0.092088956 0.001435350 0.114839936 0.004856080 0.087685449 0.006140668 0.097668338 0.005059964 0.094604731 0.000000000 0.091686552 0.088010587 0.004969191 0.089137131 0.005745188 0.091303125 0.004836567 0.088521315 0.004851499 0.004843482 0.086901466 0.003817716 0.088922567 0.006091472 0.087998652 0.007921790 0.094324746 0.005613933 0.091153737 0.004834795 0.088584390 0.004807995 0.104764647 0.004844155 0.089180631 0.003971900 0.087825383 0.006137020 0.088562069 0.008009206 0.072879526 0.007867622 0.093379530 0.004833382 0.091923129 0.005808814 0.086711392 0.006144635 0.081478689 0.005765195 0.091730667 0.005434095 0.077102851 0.006150426 0.080331634 0.084012470 0.081877605 0.084390195 0.083704932 0.092112070 0.074875000 0.082836660 0.074688926 0.081213663 0.081837790 0.073165595 0.081957935 0.101432262 0.073526000 0.075721186 0.074204578 0.074611001 0.073360907 0.081730165 0.094292282 0.084887048 0.103633344 0.084870107 0.105755846 0.088692262 0.006654002 0.081147367 0.081244883 0.084005136 0.005006606 0.003884212 0.003892390 0.084455884 0.083665990 0.085688709 0.077978004 0.081584412 0.081982493 0.083844248 0.102930804 0.096000849 0.092802641 0.094561650 0.093730272 0.101108776 0.095491822 0.073369218 0.097423544 0.080607169 0.084832877 0.082095014 0.094449749 0.095512634 0.095849077 0.094049324 0.093134357 0.092625244 
BUMA.1121.00011 0.076492637 0.089517901 0.090977864 0.090656481 0.080303302 0.091098898 0.077836150 0.090730309 0.071430624 0.091686552 0.000000000 0.074348899 0.089245318 0.074961131 0.090996938 0.076654087 0.090314096 0.075178138 0.090608304 0.090339675 0.074190124 0.088913685 0.075856024 0.091820257 0.074578419 0.088425768 0.083229400 0.091523618 0.075494176 0.090289055 0.074504297 0.090351063 0.090400131 0.090334122 0.073879483 0.089328678 0.074417339 0.091212278 0.075003226 0.092779172 0.073051405 0.089260606 0.079341514 0.090281398 0.071187439 0.091469036 0.073343901 0.091163654 0.073157299 0.091386293 0.077503682 0.090117356 0.072407740 0.091258731 0.073732948 0.071110727 0.071811398 0.070182334 0.071075548 0.071335661 0.073450556 0.070536080 0.074589768 0.072013030 0.072793404 0.072748056 0.071693304 0.080337287 0.071872974 0.076837461 0.073138704 0.072928874 0.074408382 0.071450652 0.082940361 0.073936955 0.083592336 0.086755741 0.092162691 0.074742034 0.091951012 0.073178966 0.073214480 0.070676602 0.089481764 0.089550554 0.089840945 0.071986868 0.070875496 0.072563988 0.072942963 0.070794571 0.071191188 0.071044014 0.082692639 0.072840098 0.071929685 0.070798488 0.070707024 0.080575746 0.071125403 0.072451155 0.076380966 0.071908871 0.070916007 0.072593850 0.073065947 0.068774421 0.075859304 0.074723081 0.080045882 0.070434614 
BUMA.1121.00012 0.028321199 0.085880359 0.094836864 0.086935456 0.072523928 0.087414584 0.079776529 0.087023481 0.077110368 0.088010587 0.074348899 0.000000000 0.085521016 0.026357936 0.087116914 0.030079729 0.086610008 0.025255693 0.086829403 0.086642412 0.025347124 0.085387027 0.026370077 0.088137125 0.024770262 0.084906814 0.076000682 0.087827541 0.027807668 0.086586142 0.025849357 0.086652136 0.039852983 0.086561482 0.026318248 0.085654483 0.024610057 0.087388690 0.025104928 0.089210231 0.068867999 0.085451882 0.030606346 0.086578838 0.075026903 0.087623289 0.067969215 0.087476387 0.066244343 0.087677537 0.071557275 0.086385165 0.066296823 0.087567106 0.064993222 0.065588896 0.064257044 0.064701962 0.063700043 0.075038449 0.070073366 0.064652775 0.070886698 0.064672894 0.061907088 0.069823250 0.064697839 0.083470292 0.070167224 0.072995234 0.070012906 0.069404127 0.070652502 0.064188498 0.076623818 0.067759173 0.086230753 0.082606149 0.084483400 0.068457508 0.088249093 0.064512670 0.064540610 0.064183750 0.085747539 0.085647651 0.086093161 0.064816083 0.065292822 0.022198226 0.064331459 0.062924312 0.063249030 0.065219593 0.086056227 0.078763506 0.074908226 0.075384552 0.077279448 0.084072180 0.078367996 0.066358872 0.078507850 0.063140936 0.066810677 0.064516312 0.074756642 0.077029577 0.080761196 0.077212281 0.030147006 0.073856492 
BUMA.1121.00013 0.089563589 0.003493322 0.112114420 0.003861273 0.085042090 0.003162181 0.095096420 0.004065976 0.092098258 0.004969191 0.089245318 0.085521016 0.000000000 0.086594969 0.002763230 0.088767210 0.003845272 0.086025629 0.003857653 0.003854187 0.084430751 0.002862080 0.086427753 0.005094762 0.085617634 0.005896852 0.091540931 0.004613676 0.088665186 0.003844163 0.086065647 0.003817582 0.102347641 0.003853823 0.086755037 0.003002010 0.085446152 0.003163808 0.086084443 0.005273623 0.070515320 0.005898930 0.090904024 0.003842755 0.089420281 0.002796052 0.084277850 0.003165762 0.079204705 0.002748067 0.089076742 0.000543670 0.074677173 0.003165237 0.077860445 0.081336848 0.079356129 0.081974917 0.081299058 0.089604405 0.072484150 0.080295774 0.072397683 0.078799825 0.079546722 0.070856812 0.079566434 0.098865008 0.071195260 0.073390258 0.071862390 0.072252113 0.071055687 0.079294946 0.092230453 0.082399519 0.101024183 0.082500825 0.103005599 0.086163800 0.003659124 0.078686358 0.078779448 0.081561359 0.000147641 0.002953828 0.002957307 0.081957639 0.081011397 0.083292117 0.075597101 0.079156195 0.079551876 0.081426951 0.100354679 0.093480702 0.090443430 0.092280325 0.091289166 0.098337391 0.092970838 0.070891534 0.095107142 0.078235403 0.082390227 0.079589915 0.091958271 0.093059336 0.093479484 0.091577168 0.090648698 0.090147316 
BUMA.1121.00014 0.026680851 0.086979165 0.096160220 0.088024837 0.073697358 0.088539715 0.080313161 0.088119283 0.077547708 0.089137131 0.074961131 0.026357936 0.086594969 0.000000000 0.088193325 0.030915672 0.087707256 0.025267652 0.087923619 0.087732233 0.023662916 0.086400676 0.021673387 0.089189171 0.024758916 0.085928721 0.076287159 0.088885512 0.026263477 0.087682842 0.003675733 0.087742530 0.040297946 0.087657446 0.024650243 0.086722447 0.016919693 0.088512870 0.023733030 0.090260046 0.069287293 0.086510571 0.031665333 0.087675373 0.074892579 0.088732561 0.067540588 0.088602928 0.066240796 0.088789091 0.071163614 0.087488235 0.066376405 0.088695726 0.065823065 0.065272382 0.063989386 0.064346060 0.062903871 0.075047181 0.070019539 0.065110093 0.070499067 0.064322119 0.061498762 0.070418299 0.064652464 0.084617603 0.070533378 0.073111121 0.069449167 0.069859992 0.070555011 0.064350337 0.077047704 0.068094054 0.087131610 0.083569836 0.083521207 0.067804023 0.089386455 0.065020480 0.065049078 0.064037676 0.086826161 0.086756546 0.087321653 0.064551515 0.064975582 0.021166365 0.065113731 0.063069294 0.063352747 0.064799234 0.087009602 0.078118478 0.074865118 0.076552224 0.077336943 0.085031173 0.077196326 0.066318852 0.079886353 0.062625017 0.066074589 0.064244054 0.075447820 0.077742169 0.080109713 0.078156720 0.029354582 0.073905520 
BUMA.1121.00015 0.091125644 0.004253356 0.114172623 0.004641809 0.086919107 0.002344420 0.096950918 0.004847259 0.093844608 0.005745188 0.090996938 0.087116914 0.002763230 0.088193325 0.000000000 0.090451278 0.004622843 0.087612408 0.004633299 0.004630642 0.085959130 0.003612227 0.087969841 0.005888456 0.087086952 0.006688625 0.093305300 0.005361128 0.090180625 0.004621140 0.087643633 0.004594480 0.104166084 0.004626821 0.088271259 0.003755039 0.086943919 0.002343142 0.087626466 0.006118635 0.071867024 0.006677378 0.092512489 0.004619994 0.091176236 0.001149429 0.085970452 0.002345839 0.080683923 0.001100949 0.090826431 0.003209398 0.076271537 0.002347161 0.079457344 0.082956183 0.080917031 0.083654901 0.082914351 0.091357231 0.074014114 0.081955126 0.073755988 0.080378425 0.081194900 0.072234391 0.081224431 0.100772646 0.072599297 0.074820877 0.073262919 0.073727623 0.072475538 0.080886883 0.094100882 0.084061839 0.102879203 0.083946395 0.104951409 0.087868242 0.002842418 0.080272318 0.080368930 0.083176124 0.002793819 0.003702522 0.003710918 0.083612573 0.082620482 0.084751477 0.076991855 0.080732023 0.081131979 0.083049873 0.102163050 0.095357067 0.092016440 0.093701031 0.092991898 0.100382934 0.094800902 0.072442079 0.096748542 0.079719165 0.083979523 0.081218270 0.093714447 0.094875027 0.095175390 0.093275208 0.092262200 0.091873932 
BUMA.1121.00016 0.032210823 0.089133043 0.097379819 0.090160661 0.076173706 0.090595044 0.082946840 0.090235520 0.079566857 0.091303125 0.076654087 0.030079729 0.088767210 0.030915672 0.090451278 0.000000000 0.089819616 0.030476750 0.090040966 0.089845111 0.028770070 0.088513462 0.031245584 0.091360822 0.029942768 0.088021318 0.076253713 0.091003537 0.031657038 0.089794665 0.030095073 0.089856305 0.041722331 0.089768387 0.030175322 0.088821144 0.028545407 0.090707998 0.028515518 0.092390552 0.071830715 0.088694192 0.030869048 0.089787035 0.077496317 0.091017932 0.071074001 0.090659556 0.067963027 0.090935174 0.074606679 0.089667830 0.069301584 0.090754273 0.068903672 0.067823673 0.067238181 0.067292752 0.066246934 0.077654565 0.072783160 0.067298933 0.073659130 0.067493776 0.065485914 0.072553035 0.067958380 0.086200598 0.072343600 0.075579245 0.072544038 0.072085703 0.073175969 0.067215411 0.079068514 0.070212140 0.088447765 0.086261207 0.086620222 0.070948833 0.091446882 0.067535470 0.067566156 0.066350550 0.089002947 0.088980860 0.089377271 0.067088305 0.067483729 0.026708664 0.067910942 0.066080190 0.066359196 0.067812566 0.088424897 0.081057281 0.078223241 0.078780017 0.080544934 0.086956924 0.080883704 0.068554697 0.081665213 0.065153804 0.068696335 0.067212471 0.077781313 0.079764953 0.082352742 0.079936415 0.034148148 0.075703668 
BUMA.1121.00017 0.090672365 0.003359458 0.113236084 0.000024651 0.086214606 0.004982068 0.096140166 0.000258764 0.093181264 0.004836567 0.090314096 0.086610008 0.003845272 0.087707256 0.004622843 0.089819616 0.000000000 0.087146816 0.000049373 0.000061541 0.085456087 0.002139078 0.087432698 0.001306848 0.086624539 0.006801519 0.092602604 0.000828033 0.089748694 0.000000048 0.087163643 0.000049249 0.103544102 0.000012278 0.087832992 0.002235402 0.086469969 0.004984887 0.087215068 0.007025239 0.071585024 0.006814769 0.092027977 0.000000048 0.090519481 0.004676209 0.085287995 0.004987997 0.080283568 0.004629423 0.090156134 0.004293625 0.075745414 0.004986935 0.078899101 0.082341960 0.080368690 0.083004372 0.082354569 0.090697943 0.073486689 0.081287882 0.073388271 0.079806376 0.080515389 0.071886396 0.080504275 0.099905464 0.072192309 0.074375827 0.072963006 0.073244876 0.072030166 0.080251745 0.092940046 0.083414401 0.102133088 0.083637336 0.104175533 0.087189281 0.005490284 0.079659589 0.079754372 0.082594478 0.003874132 0.002148836 0.002145522 0.082981154 0.082011754 0.084300148 0.076590134 0.080156641 0.080553081 0.082461432 0.101449890 0.094554805 0.091493882 0.093163140 0.092326926 0.099521131 0.094112140 0.072027225 0.096183048 0.079344186 0.083371543 0.080667081 0.093042389 0.094253777 0.094560459 0.092630575 0.091718796 0.091201251 
BUMA.1121.00018 0.027336417 0.086398097 0.095993757 0.087475217 0.070476070 0.087940288 0.080922602 0.087554451 0.078260571 0.088521315 0.075178138 0.025255693 0.086025629 0.025267652 0.087612408 0.030476750 0.087146816 0.000000000 0.087360094 0.087171453 0.024583979 0.085903434 0.025348493 0.088674778 0.001242278 0.085364163 0.076551883 0.088313924 0.027142169 0.087122744 0.024991825 0.087181429 0.040765514 0.087097787 0.025388066 0.086179804 0.022902483 0.087914015 0.023919512 0.089769795 0.069021268 0.085953369 0.032074993 0.087115377 0.075400505 0.088174996 0.068321294 0.088002597 0.066744117 0.088230255 0.072186463 0.086902493 0.066383071 0.088094063 0.065482422 0.066390138 0.064966406 0.065595551 0.064884638 0.075555229 0.070102046 0.065382008 0.071252415 0.064912231 0.061710845 0.070758308 0.065409018 0.084456097 0.070792665 0.073155873 0.070632326 0.069165109 0.070612352 0.064533543 0.077458707 0.068544616 0.087718308 0.083602015 0.084272456 0.068539936 0.088778467 0.065647732 0.065716935 0.064912252 0.086246793 0.086252710 0.086702867 0.065278630 0.066086229 0.020806675 0.064182049 0.063393846 0.063745591 0.065787626 0.086872275 0.079521763 0.075883911 0.076548500 0.077987779 0.085105515 0.079473431 0.066940125 0.079763970 0.063485954 0.066717006 0.064738390 0.075735513 0.078120072 0.080604481 0.078728895 0.029420516 0.073797601 
BUMA.1121.00019 0.090896652 0.003370167 0.113636277 0.000049558 0.086507398 0.004997000 0.096452136 0.000259473 0.093493461 0.004851499 0.090608304 0.086829403 0.003857653 0.087923619 0.004633299 0.090040966 0.000049373 0.087360094 0.000000000 0.000012312 0.085658705 0.002145255 0.087655226 0.001274238 0.086836611 0.006815900 0.092842331 0.000829829 0.089962861 0.000049345 0.087377441 0.000049395 0.103829259 0.000061677 0.088047694 0.002206977 0.086681253 0.004999606 0.087414530 0.007047431 0.071793863 0.006827876 0.092255854 0.000049341 0.090805895 0.004690325 0.085562791 0.005002735 0.080477410 0.004644207 0.090452235 0.004308235 0.075970925 0.005001895 0.079178950 0.082605460 0.080562767 0.083269805 0.082633017 0.090985372 0.073732148 0.081561870 0.073578801 0.080074836 0.080803002 0.072111784 0.080760050 0.100253199 0.072432526 0.074640361 0.073207124 0.073475153 0.072284760 0.080506815 0.093283624 0.083713863 0.102395501 0.083859824 0.104447538 0.087472722 0.005506538 0.079912104 0.080007611 0.082866387 0.003887256 0.002153805 0.002154343 0.083246078 0.082273026 0.084505010 0.076845994 0.080397195 0.080795000 0.082725216 0.101743883 0.094840138 0.091786024 0.093359051 0.092595372 0.099868712 0.094423556 0.072282132 0.096486191 0.079610819 0.083646241 0.080905253 0.093354629 0.094534442 0.094887066 0.092860055 0.092021066 0.091490100 
BUMA.1121.00020 0.090698175 0.003368716 0.113268609 0.000061711 0.086232256 0.004988354 0.096176520 0.000270790 0.093215171 0.004843482 0.090339675 0.086642412 0.003854187 0.087732233 0.004630642 0.089845111 0.000061541 0.087171453 0.000012312 0.000000000 0.085473297 0.002151515 0.087465538 0.001282935 0.086649051 0.006813609 0.092630134 0.000840464 0.089766786 0.000061506 0.087188339 0.000061492 0.103589938 0.000073741 0.087857774 0.002213058 0.086494394 0.004985993 0.087239753 0.007030704 0.071523456 0.006826083 0.092054163 0.000061501 0.090537582 0.004683319 0.085312062 0.004994468 0.080306139 0.004637001 0.090181883 0.004300887 0.075766735 0.004993221 0.078936024 0.082372596 0.080391286 0.083027702 0.082377752 0.090716103 0.073507312 0.081310718 0.073423642 0.079828783 0.080553044 0.071913070 0.080526848 0.099933991 0.072218987 0.074418256 0.072906036 0.073272058 0.072071443 0.080274265 0.092982725 0.083453088 0.102162953 0.083560556 0.104206433 0.087214035 0.005496151 0.079681906 0.079776750 0.082625809 0.003881875 0.002161954 0.002160641 0.083004440 0.082034755 0.084323889 0.076611559 0.080179131 0.080575677 0.082484638 0.101446557 0.094542554 0.091527482 0.093094925 0.092306494 0.099549654 0.094139077 0.072062086 0.096210447 0.079366450 0.083388155 0.080689701 0.093069606 0.094280629 0.094611384 0.092656930 0.091744951 0.091219487 
BUMA.1121.00021 0.025443042 0.084765506 0.094630555 0.085771752 0.071943580 0.086273793 0.080361329 0.085854320 0.076854816 0.086901466 0.074190124 0.025347124 0.084430751 0.023662916 0.085959130 0.028770070 0.085456087 0.024583979 0.085658705 0.085473297 0.000000000 0.084267548 0.023994828 0.086936461 0.024069246 0.083774573 0.074118076 0.086661211 0.024834230 0.085432397 0.023687731 0.085489635 0.039505672 0.085408096 0.023416034 0.084457431 0.021856541 0.086248441 0.022590223 0.088125561 0.067885172 0.084337048 0.031397040 0.085425144 0.074280398 0.086505677 0.066788638 0.086335177 0.065495355 0.086558513 0.070061651 0.085302620 0.065600990 0.086425276 0.065086667 0.064280765 0.062591405 0.063569722 0.062834008 0.074255676 0.069610259 0.063751664 0.070615839 0.063072352 0.061021075 0.069306390 0.063480741 0.083674253 0.069200703 0.072450718 0.069501940 0.069021816 0.070123822 0.063437781 0.076542603 0.067761148 0.085956887 0.081851403 0.083009422 0.067060141 0.087109563 0.063778322 0.063845079 0.063646218 0.084649156 0.084511139 0.084952960 0.064073062 0.063988973 0.019923796 0.064226584 0.061848073 0.062178781 0.063843758 0.085128053 0.077429339 0.074051892 0.074937787 0.077449721 0.083577239 0.077711059 0.065346240 0.078549410 0.062543994 0.064560967 0.063874947 0.074690967 0.075839934 0.078709421 0.076844201 0.027594799 0.072763522 
BUMA.1121.00022 0.089365514 0.002364091 0.111816218 0.002147259 0.084847779 0.003972287 0.094865452 0.002354633 0.091803293 0.003817716 0.088913685 0.085387027 0.002862080 0.086400676 0.003612227 0.088513462 0.002139078 0.085903434 0.002145255 0.002151515 0.084267548 0.000000000 0.086258894 0.003378140 0.085381235 0.005735264 0.091254856 0.002859435 0.088430618 0.002137848 0.085865648 0.002114973 0.102123851 0.002152093 0.086545261 0.000654618 0.085156644 0.003976931 0.085784972 0.006057979 0.070362884 0.005756708 0.090657643 0.002137780 0.089193153 0.003673832 0.084040817 0.003979404 0.078935882 0.003627164 0.088815096 0.003307874 0.074403422 0.003978559 0.077601815 0.081075619 0.079109869 0.081660668 0.081006985 0.089376817 0.072213997 0.080063979 0.072111571 0.078515497 0.079242228 0.070601553 0.079304102 0.098621764 0.070954624 0.073167440 0.071731721 0.071970713 0.070834856 0.079011857 0.091670236 0.082145749 0.100705858 0.082397603 0.102720486 0.085829078 0.004475244 0.078411486 0.078504084 0.081220062 0.002894337 0.000519680 0.000509980 0.081668342 0.080751446 0.083031997 0.075265553 0.078869439 0.079264870 0.081165804 0.099988981 0.093315225 0.090154138 0.091739682 0.091002578 0.098167134 0.092686307 0.070643585 0.094791989 0.078005693 0.082118019 0.079362295 0.091678835 0.092798602 0.093277899 0.091282330 0.090351114 0.089894765 
BUMA.1121.00023 0.026921092 0.086777583 0.095251240 0.087762867 0.073022191 0.088283376 0.080634599 0.087849868 0.077819773 0.088922567 0.075856024 0.026370077 0.086427753 0.021673387 0.087969841 0.031245584 0.087432698 0.025348493 0.087655226 0.087465538 0.023994828 0.086258894 0.000000000 0.088967494 0.024841355 0.085775185 0.075916866 0.088658773 0.026424911 0.087408501 0.021856131 0.087475661 0.039599244 0.087383372 0.024910648 0.086488762 0.022617467 0.088256835 0.024684385 0.090139889 0.069228408 0.086368066 0.032796069 0.087401097 0.075558599 0.088504947 0.067866045 0.088346062 0.067032581 0.088560827 0.071812991 0.087308427 0.066235289 0.088438083 0.065600214 0.066113645 0.064328476 0.064759147 0.064066220 0.075707884 0.070014057 0.065151406 0.070647734 0.064187444 0.061097949 0.069893902 0.064784069 0.084303747 0.070201571 0.072080558 0.069628656 0.069068950 0.069551867 0.063959706 0.075921512 0.068316173 0.087274935 0.083540103 0.082468326 0.068440025 0.089124568 0.064822312 0.064850641 0.064102286 0.086650254 0.086561722 0.087014382 0.064732755 0.065822254 0.019628242 0.064903445 0.063080918 0.063409749 0.065553930 0.087275889 0.079249609 0.076019673 0.076716269 0.078521702 0.084856149 0.079066424 0.066405530 0.079670226 0.063826494 0.066667567 0.064799409 0.075772420 0.077837649 0.080602802 0.078383245 0.028972897 0.074301105 
BUMA.1121.00024 0.092174418 0.004604807 0.114816302 0.001311745 0.087721293 0.006242732 0.097703169 0.001481998 0.094698198 0.006091472 0.091820257 0.088137125 0.005094762 0.089189171 0.005888456 0.091360822 0.001306848 0.088674778 0.001274238 0.001282935 0.086936461 0.003378140 0.088967494 0.000000000 0.088152537 0.008068065 0.094224601 0.000592743 0.091240208 0.001306889 0.088636855 0.001271213 0.105151748 0.001320265 0.089315862 0.003437116 0.087951578 0.006245986 0.088745021 0.008288663 0.073063653 0.008093920 0.093532376 0.001306790 0.092025555 0.005945334 0.086765669 0.006249893 0.081745337 0.005900519 0.091662107 0.005552234 0.077208143 0.006248846 0.080394350 0.083810206 0.081870714 0.084482726 0.083833776 0.092206386 0.074968145 0.082761635 0.074849784 0.081260170 0.082007859 0.073330595 0.081973538 0.101444452 0.073666945 0.075828785 0.074410155 0.074704427 0.073506122 0.081721628 0.094493608 0.084906772 0.103714026 0.085192610 0.105825825 0.088723861 0.006755934 0.081114914 0.081212094 0.084064022 0.005125799 0.003392283 0.003397594 0.084457094 0.083514279 0.085814838 0.078049342 0.081615181 0.082012078 0.083929100 0.102950593 0.096032752 0.093011630 0.094583785 0.093786898 0.101052448 0.095642895 0.073481778 0.097723725 0.080801215 0.084842899 0.082125851 0.094561665 0.095777729 0.096095684 0.094148559 0.093272181 0.092742059 
BUMA.1121.00025 0.026845550 0.085877327 0.095417824 0.086951043 0.072178624 0.087408441 0.080389007 0.087031262 0.077653956 0.087998652 0.074578419 0.024770262 0.085617634 0.024758916 0.087086952 0.029942768 0.086624539 0.001242278 0.086836611 0.086649051 0.024069246 0.085381235 0.024841355 0.088152537 0.000000000 0.084838092 0.075968554 0.087790375 0.026653551 0.086600596 0.024484689 0.086658807 0.040234099 0.086575855 0.024901586 0.085657288 0.022364547 0.087382478 0.023414959 0.089240848 0.068533370 0.085423463 0.031584934 0.086593269 0.074867123 0.087639779 0.067767687 0.087470412 0.066233870 0.087694228 0.071697090 0.086493056 0.065895693 0.087561380 0.064909699 0.065860091 0.064385071 0.065045930 0.064304283 0.075021185 0.069542232 0.064800950 0.070741636 0.064432059 0.061152464 0.070243768 0.064854603 0.083975803 0.070309803 0.072671523 0.070118210 0.068679211 0.070023977 0.064006598 0.076921364 0.068015709 0.087126034 0.082990901 0.083775826 0.068100254 0.088245272 0.065182177 0.065210837 0.064366179 0.085838052 0.085721745 0.086169160 0.064773147 0.065601538 0.020320609 0.063664748 0.062835517 0.063228707 0.065302084 0.086277840 0.078936382 0.075328325 0.076112525 0.077407606 0.084479522 0.078908941 0.066432927 0.079232766 0.062869072 0.066168032 0.064253453 0.075200745 0.077586304 0.080088895 0.078202680 0.028913039 0.073326595 
BUMA.1121.00026 0.088778974 0.006419490 0.111059400 0.006806853 0.084410654 0.007048634 0.094339522 0.007031913 0.091273396 0.007921790 0.088425768 0.084906814 0.005896852 0.085928721 0.006688625 0.088021318 0.006801519 0.085364163 0.006815900 0.006813609 0.083774573 0.005735264 0.085775185 0.008068065 0.084838092 0.000000000 0.090670433 0.007527730 0.087916092 0.006805985 0.085383909 0.006777979 0.101472616 0.006797206 0.086039570 0.005944738 0.084630347 0.007052302 0.085340445 0.009101130 0.069954300 0.001379503 0.090232231 0.006803477 0.088782415 0.006762042 0.083600224 0.007057288 0.078359289 0.006716096 0.088290037 0.006350382 0.074030110 0.007055524 0.077234892 0.080605109 0.078543892 0.081242854 0.080664016 0.088956947 0.071857588 0.079535182 0.071570245 0.078203513 0.078793128 0.070358693 0.078933040 0.098091212 0.070683868 0.072859843 0.071315219 0.071522514 0.070391426 0.078578578 0.091565161 0.081779506 0.101332823 0.081864168 0.101969714 0.085341306 0.007564007 0.077865283 0.077970774 0.080853716 0.005933808 0.005867966 0.005892936 0.081199386 0.080277470 0.082552143 0.075037035 0.078323338 0.078716497 0.080692795 0.099343128 0.092710024 0.089553793 0.091730423 0.090565917 0.097614701 0.092059296 0.070337398 0.094369730 0.077515038 0.081720471 0.078752059 0.091175141 0.092226222 0.092702503 0.091912466 0.089598782 0.089446937 
BUMA.1121.00027 0.077886155 0.092027849 0.105818644 0.092972216 0.080167724 0.093519517 0.089537475 0.093045466 0.085659252 0.094324746 0.083229400 0.076000682 0.091540931 0.076287159 0.093305300 0.076253713 0.092602604 0.076551883 0.092842331 0.092630134 0.074118076 0.091254856 0.075916866 0.094224601 0.075968554 0.090670433 0.000000000 0.093855979 0.076848743 0.092575618 0.075543973 0.092643146 0.085662809 0.092546765 0.075244408 0.091613738 0.075914910 0.093641791 0.075421592 0.090634179 0.073307999 0.091489523 0.080985799 0.092567372 0.084592556 0.093940363 0.068395139 0.093589349 0.067294663 0.093852606 0.071706779 0.092495158 0.073869103 0.093691906 0.070331633 0.065581660 0.030300120 0.065747336 0.061994372 0.084768789 0.074778399 0.064999567 0.074779238 0.058943956 0.070366859 0.073413061 0.062585262 0.093263512 0.073404863 0.076922070 0.073647271 0.073474111 0.074249549 0.059605844 0.079504503 0.070469683 0.096985403 0.090314919 0.085027036 0.069880420 0.094423814 0.038855935 0.038862676 0.062408894 0.091787002 0.091835290 0.092313243 0.062802049 0.065220358 0.072519217 0.070376015 0.061193399 0.061237651 0.065753935 0.096196558 0.086323223 0.084764305 0.085775796 0.084671539 0.093786747 0.086778564 0.071705137 0.089325009 0.064373648 0.063324590 0.061844878 0.084867273 0.085690703 0.089160985 0.088340833 0.076850000 0.082289207 
BUMA.1121.00028 0.091863521 0.004126817 0.114654909 0.000829614 0.087480982 0.005760590 0.097479266 0.001040120 0.094256040 0.005613933 0.091523618 0.087827541 0.004613676 0.088885512 0.005361128 0.091003537 0.000828033 0.088313924 0.000829829 0.000840464 0.086661211 0.002859435 0.088658773 0.000592743 0.087790375 0.007527730 0.093855979 0.000000000 0.090927307 0.000827735 0.088333427 0.000828573 0.104860597 0.000839853 0.089000915 0.002994612 0.087633051 0.005760325 0.088337140 0.007810228 0.072709096 0.007588586 0.093224848 0.000827497 0.091750738 0.005448096 0.086559671 0.005767688 0.081413678 0.005401054 0.091422439 0.005067298 0.076775050 0.005762965 0.080097099 0.083555387 0.081499234 0.084211661 0.083575215 0.091931786 0.074655588 0.082546778 0.074489043 0.080898427 0.081730040 0.073040566 0.081741605 0.101274278 0.073358083 0.075561364 0.074123639 0.074406506 0.073196430 0.081442240 0.094311079 0.084649785 0.103410375 0.084807567 0.105480970 0.088431714 0.006270080 0.080844917 0.080942009 0.083791837 0.004643620 0.002945770 0.002951812 0.084140339 0.083211054 0.085450057 0.077771994 0.081300616 0.081698873 0.083667228 0.102680083 0.095856330 0.092751326 0.094376369 0.093508860 0.100830243 0.095149890 0.073037842 0.097464859 0.080544625 0.084588143 0.081840494 0.094284738 0.095462871 0.095855134 0.093830021 0.092992635 0.092450542 
BUMA.1121.00029 0.004403841 0.088983598 0.098354720 0.090067034 0.075959577 0.090532494 0.082680731 0.090157840 0.079647357 0.091153737 0.075494176 0.027807668 0.088665186 0.026263477 0.090180625 0.031657038 0.089748694 0.027142169 0.089962861 0.089766786 0.024834230 0.088430618 0.026424911 0.091240208 0.026653551 0.087916092 0.076848743 0.090927307 0.000000000 0.089723710 0.026363531 0.089785412 0.039774904 0.089697408 0.002643538 0.088704006 0.025824099 0.090504423 0.026279147 0.092374362 0.071060213 0.088553466 0.032758408 0.089716070 0.077177996 0.090792449 0.068875707 0.090597105 0.068764781 0.090852254 0.072366586 0.089562113 0.067489949 0.090691968 0.066956293 0.066807890 0.064872696 0.065457696 0.065159382 0.077335895 0.072103363 0.065866652 0.073673079 0.065530172 0.063326544 0.072009254 0.067448030 0.086842840 0.071472999 0.075254281 0.072057885 0.072065922 0.072709198 0.066223494 0.077891730 0.069073248 0.089456618 0.085558970 0.086330336 0.068781675 0.091386016 0.065264211 0.065333011 0.065291425 0.088893892 0.088792872 0.089327438 0.066959958 0.066503786 0.023119344 0.066997985 0.064140443 0.064424935 0.065911264 0.088551256 0.081376547 0.077748921 0.076662422 0.078869401 0.087182769 0.080228081 0.068211225 0.080375711 0.065507960 0.066789885 0.066597944 0.076432353 0.078704992 0.082902790 0.080356685 0.031818525 0.075210959 
