219
STPY.0321.00001 0.00000000 0.08593181 0.08928798 0.08891478 0.08526599 0.09801774 0.08907292 0.09776736 0.09544194 0.08345325 0.09874952 0.08765821 0.08880538 0.00184076 0.08768545 0.08769362 0.09090596 0.09874952 0.08944206 0.09876183 0.08362049 0.08617390 0.08517055 0.08616447 0.08851576 0.08892777 0.08515615 0.09079636 0.08907139 0.08269545 0.09063912 0.09108608 0.09253760 0.08927241 0.09845413 0.09111317 0.08858867 0.08868257 0.08513082 0.08052342 0.08513225 0.00896004 0.08519461 0.00171532 0.08532763 0.00027304 0.08524289 0.09593350 0.08517951 0.09403737 0.08531692 0.08611470 0.08531649 0.08613632 0.08859053 0.08542467 0.08678670 0.08611258 0.08846589 0.09774458 0.08677452 0.08602563 0.08845298 0.08242617 0.08507146 0.08759217 0.09135949 0.08515716 0.08518263 0.08636320 0.08610261 0.08518274 0.08512133 0.08527764 0.08616133 0.08613659 0.08514533 0.08511128 0.08767179 0.08361769 0.09224687 0.08640437 0.09251254 0.09005717 0.08959964 0.10524169 0.08832458 0.09322894 0.08871858 0.08862987 0.08384092 0.08430595 0.08553257 0.08729239 0.08547973 0.09510119 0.09113363 0.09222542 0.09085509 0.08822972 0.08873609 0.08792918 0.09109336 0.09056069 0.08733802 0.08536059 0.08500602 0.08880325 0.08652666 0.08896973 0.08873248 0.00033606 0.00051471 0.00023103 0.09137697 0.09154791 0.08846613 0.09886174 0.08551239 0.02601472 0.00029404 0.09086880 0.09854851 0.09862438 0.09869960 0.09859714 0.08948777 0.09570881 0.09570941 0.09570869 0.08879931 0.09179642 0.10427273 0.08244347 0.07732722 0.08744380 0.10424650 0.08445383 0.09518121 0.07964073 0.09027722 0.09422639 0.03476628 0.09391514 0.08503575 0.09445715 0.09147564 0.09251071 0.09134753 0.10419571 0.09123018 0.08577382 0.10500832 0.08914242 0.08332318 0.09164581 0.09311981 0.09749664 0.09861257 0.00873285 0.09230024 0.09165972 0.09317737 0.08962587 0.08606161 0.08796137 0.08136201 0.09096660 0.10346414 0.09058682 0.08931083 0.09284084 0.10667565 0.08725320 0.08426836 0.09638275 0.08959403 0.10103910 0.09467013 0.09176174 0.08932592 0.00030468 0.08850478 0.08873810 0.08863668 0.08851611 0.09863774 0.08857593 0.09049060 0.08515717 0.10106823 0.09752111 0.09533396 0.09108772 0.08933240 0.09509063 0.10382495 0.08912493 0.08873063 0.09969701 0.08855186 0.08523973 0.08939456 0.09112752 0.10092577 0.08068883 0.10285164 0.08982447 0.08948632 0.08765630 0.09780539 0.09872150 0.08849121 0.08862536 0.08455392 0.08880233 0.08896265 0.09547865 0.08763127 
STPY.0321.00002 0.08593181 0.00000000 0.08186589 0.08195825 0.08389479 0.10022749 0.08168529 0.09360386 0.09002375 0.06611689 0.09710070 0.09193678 0.08135373 0.08575797 0.08177047 0.09209722 0.08597740 0.09710070 0.08906911 0.09711300 0.06630308 0.08471042 0.08381144 0.08472029 0.08232688 0.08197105 0.08377358 0.08580935 0.08281777 0.07405563 0.08715526 0.08967405 0.09460309 0.08304613 0.08847831 0.08303495 0.09417053 0.08243300 0.08377162 0.07402753 0.08375474 0.08514630 0.08383403 0.08563867 0.08389635 0.08582449 0.08388369 0.08394814 0.08382060 0.08872442 0.08395763 0.08465132 0.08395702 0.08471597 0.09416964 0.08406438 0.03461895 0.08466852 0.09404325 0.09116043 0.03460781 0.08468521 0.09403012 0.03848354 0.08373624 0.09186715 0.08361961 0.08379807 0.08380498 0.08500351 0.08465853 0.08379991 0.08373859 0.08391844 0.08471720 0.08469251 0.08378625 0.08375221 0.09198939 0.08083513 0.08372165 0.08054263 0.09067954 0.06376434 0.08510948 0.10320257 0.08289917 0.09249170 0.07702984 0.07554028 0.03219768 0.07566079 0.06933335 0.08029442 0.07411175 0.08126963 0.08465689 0.08276235 0.08296882 0.08181801 0.08252885 0.08178254 0.09065889 0.08214534 0.08022302 0.07499925 0.07617649 0.08139916 0.08776255 0.08201222 0.08259081 0.08589655 0.08610948 0.08582524 0.08448036 0.08421996 0.08227848 0.09723311 0.08416391 0.08619426 0.08584778 0.08594052 0.09692486 0.09701317 0.09707573 0.09697345 0.08293042 0.09793977 0.09794038 0.09793965 0.08260878 0.09389614 0.10619656 0.08298134 0.08363942 0.07787191 0.10617015 0.08785163 0.08570201 0.06783602 0.08683201 0.09521488 0.08724403 0.08856939 0.00038783 0.08596181 0.08163310 0.08442278 0.08397108 0.10611906 0.09098503 0.03195121 0.10689622 0.08869185 0.06601861 0.09354791 0.08798170 0.09974058 0.09695114 0.08492019 0.08485622 0.09321049 0.09242779 0.09050539 0.03629329 0.08182216 0.07001508 0.08538414 0.10894573 0.08709087 0.08170870 0.08952298 0.10004797 0.09159828 0.07463743 0.09387707 0.08251733 0.10008725 0.08934084 0.07784291 0.08330923 0.08579732 0.09396208 0.08184589 0.08244770 0.08232720 0.09701358 0.08232707 0.08712219 0.08379809 0.10005997 0.09335901 0.09764740 0.08621354 0.08235326 0.09731810 0.10924462 0.08170057 0.08135105 0.09548762 0.08236352 0.08388058 0.09390447 0.09207572 0.09926715 0.07417919 0.09944591 0.08275330 0.08242150 0.09196299 0.09364162 0.09425113 0.08230332 0.08242854 0.05579321 0.08139831 0.08154491 0.08704060 0.09207304 
STPY.0321.00003 0.08928798 0.08186589 0.00000000 0.08958119 0.08494093 0.10051710 0.00064099 0.10045414 0.09321314 0.06712732 0.09579201 0.09449364 0.00049357 0.08895916 0.09195258 0.09441946 0.08583943 0.09579201 0.08466655 0.09580430 0.06733371 0.08637777 0.08484529 0.08636449 0.08935946 0.08959422 0.08483900 0.09823381 0.08985088 0.06359350 0.09136713 0.09062155 0.09727902 0.09009622 0.10240972 0.09165317 0.09832856 0.08946080 0.08480543 0.06266744 0.08481209 0.08893377 0.08486905 0.08881520 0.08496775 0.08918029 0.08490598 0.08648465 0.08486794 0.08974865 0.08499197 0.08631845 0.08499149 0.08636007 0.09832558 0.08511804 0.08082999 0.08631244 0.09817386 0.08195032 0.08081795 0.08567726 0.09818487 0.08239055 0.08476981 0.09449252 0.08028340 0.08483186 0.08486252 0.08666537 0.08630244 0.08484570 0.08479596 0.08495261 0.08636133 0.08633652 0.08482001 0.08478588 0.09453156 0.09322775 0.08031802 0.08509936 0.09972686 0.09439092 0.09479271 0.11109162 0.09393891 0.09792537 0.09739729 0.09562184 0.08203737 0.07082535 0.07286239 0.08447600 0.06557789 0.08607335 0.09780934 0.10026602 0.09671895 0.09077085 0.08958309 0.09602106 0.09073879 0.09798554 0.09173825 0.07682615 0.06963661 0.00022048 0.09099418 0.08963633 0.08962823 0.08925278 0.08946734 0.08918107 0.09512683 0.09518827 0.08930952 0.09590970 0.08518767 0.08641344 0.08920369 0.08580259 0.09554607 0.09568135 0.09574324 0.09559461 0.09832295 0.10036819 0.10036881 0.10036806 0.08964401 0.08766429 0.10880872 0.08522132 0.09615820 0.06550035 0.10878219 0.09132791 0.08539392 0.06430821 0.09097412 0.09597456 0.09322294 0.08949645 0.08097161 0.08949453 0.08870642 0.08342798 0.09878428 0.10873089 0.08662345 0.08164004 0.10963168 0.08429688 0.06701029 0.08772938 0.09800379 0.10000548 0.09564226 0.08871729 0.09684834 0.09005519 0.09789397 0.09508301 0.08005819 0.09085619 0.06402185 0.09084423 0.10960688 0.09135304 0.09801052 0.08762483 0.10670227 0.09414048 0.06822258 0.09290811 0.09324985 0.10549856 0.09454088 0.09569763 0.07289268 0.08916506 0.09811355 0.08954171 0.08948072 0.08935981 0.09561878 0.08935386 0.09085181 0.08483188 0.10576852 0.10025520 0.10026363 0.09876523 0.09003405 0.09987753 0.10989086 0.00033675 0.00045154 0.10241978 0.08939558 0.08491462 0.09622057 0.09680636 0.09795417 0.06281684 0.10701483 0.09353203 0.09312435 0.09454508 0.10049243 0.10145219 0.08933471 0.08905213 0.07467118 0.00040951 0.00056685 0.09507048 0.09441107 
STPY.0321.00004 0.08891478 0.08195825 0.08958119 0.00000000 0.08679019 0.10042638 0.08931425 0.09905325 0.09205447 0.08571028 0.09702306 0.09194977 0.08898721 0.08824945 0.08411695 0.09140371 0.08715168 0.09702633 0.08866295 0.09703860 0.08590881 0.08779307 0.08669720 0.08778366 0.00358203 0.00001044 0.08667472 0.08200578 0.00406329 0.08116264 0.08274743 0.09296620 0.09319295 0.00386598 0.09037848 0.08474931 0.09178723 0.00373563 0.08664271 0.08393226 0.08665612 0.08891096 0.08672028 0.08812990 0.08680025 0.08875738 0.08674330 0.08974544 0.08670327 0.09116289 0.08681753 0.08773375 0.08681745 0.08777918 0.09178752 0.08696897 0.08180771 0.08770780 0.09166511 0.09582228 0.08179564 0.08756852 0.09164902 0.07970942 0.08661900 0.09195177 0.09321911 0.08668374 0.08670665 0.08807254 0.08772163 0.08668301 0.08662144 0.08680187 0.08778046 0.08775566 0.08666925 0.08664738 0.09200227 0.07395140 0.09104267 0.07747130 0.08522965 0.07600104 0.08585247 0.10308272 0.07735049 0.08990437 0.07880289 0.07769556 0.08245840 0.08383820 0.08453699 0.07920898 0.08683234 0.09298505 0.07975294 0.08211462 0.08150949 0.07889625 0.00359184 0.08185272 0.08999083 0.07792293 0.06556735 0.08465343 0.08605834 0.08903294 0.08945567 0.00004196 0.00379259 0.08882965 0.08904350 0.08880828 0.03603658 0.03581847 0.00354797 0.09709341 0.08703807 0.08785852 0.08878071 0.08711478 0.09681445 0.09688743 0.09697720 0.09687518 0.07748730 0.09993375 0.09993437 0.09993362 0.00383354 0.09740853 0.10696353 0.08497699 0.08081956 0.08838619 0.10693713 0.08880544 0.09338987 0.08396206 0.08238029 0.09416326 0.09215990 0.09099560 0.08107619 0.08826889 0.07859357 0.09259917 0.07937655 0.10688605 0.08914618 0.08221250 0.10778291 0.08827516 0.08567538 0.09715961 0.08743154 0.09987814 0.09684960 0.08864664 0.07982047 0.09648512 0.08980310 0.09144433 0.08172364 0.08364488 0.08355540 0.08315691 0.10722732 0.08271824 0.08157204 0.08719677 0.10640059 0.09161508 0.08438160 0.09727770 0.07877380 0.10257622 0.08624354 0.07980850 0.08978017 0.08878319 0.09158301 0.00083043 0.00369788 0.00358204 0.09691518 0.00364064 0.08274184 0.08668111 0.10284245 0.09880603 0.09974005 0.08218114 0.00121995 0.09948744 0.10750352 0.08939338 0.08903443 0.10086118 0.00362382 0.08674007 0.09313618 0.09300115 0.09917134 0.08409832 0.09454689 0.07904963 0.07872775 0.09198695 0.09909144 0.09993021 0.00357100 0.00358627 0.08055522 0.08900805 0.08919229 0.07919605 0.09137943 
STPY.0321.00005 0.08526599 0.08389479 0.08494093 0.08679019 0.00000000 0.09813112 0.08471613 0.09716964 0.08695522 0.08507554 0.09361466 0.07641623 0.08440648 0.08461651 0.07765985 0.07682639 0.09188665 0.09361466 0.09012564 0.09362681 0.08528455 0.00356326 0.00016670 0.00355287 0.08721665 0.08685180 0.00031265 0.08840409 0.08765585 0.08119512 0.08540603 0.00608276 0.09423874 0.08794830 0.09510204 0.08790656 0.09447004 0.08726987 0.00039600 0.08003047 0.00040637 0.08509631 0.00037551 0.08456990 0.00054220 0.08509793 0.00034385 0.09074166 0.00033343 0.08977468 0.00039598 0.00351090 0.00039603 0.00355271 0.09446900 0.00043804 0.08539387 0.00351082 0.09434335 0.09380159 0.08538178 0.00071097 0.09433030 0.08237998 0.00037510 0.07635935 0.08683604 0.00042724 0.00028132 0.00368478 0.00350042 0.00029174 0.00022921 0.00036469 0.00355276 0.00353177 0.00029174 0.00039596 0.07640955 0.08317754 0.08867854 0.08650020 0.09148428 0.08601785 0.08923034 0.10523593 0.08596566 0.08941184 0.08892104 0.08903282 0.08395995 0.08741692 0.08755181 0.08588379 0.08350606 0.09259803 0.08501569 0.09289723 0.09052997 0.08644669 0.08743227 0.08822007 0.09332770 0.08913358 0.08498692 0.08358007 0.08531444 0.08442814 0.07287834 0.08684456 0.08738345 0.08516947 0.08538079 0.08514636 0.09055910 0.09035922 0.08711854 0.09371474 0.00069871 0.08557954 0.08509619 0.09184960 0.09340664 0.09347148 0.09355554 0.09345465 0.08840507 0.09558597 0.09559758 0.09559687 0.08744962 0.08452386 0.10903215 0.06846725 0.08861534 0.08218257 0.10900571 0.07257954 0.09435451 0.08163627 0.08503681 0.09076103 0.09044404 0.08949971 0.08300294 0.09001213 0.08778376 0.09027876 0.08925565 0.10897914 0.09045345 0.08384353 0.10979385 0.08971300 0.08499301 0.08418570 0.09045885 0.09763607 0.09346684 0.08477348 0.08863103 0.08410078 0.08931155 0.09450941 0.08304017 0.07726446 0.08207467 0.08819928 0.10628841 0.08534970 0.08857584 0.08857902 0.10224346 0.07600952 0.08655252 0.10032249 0.08907365 0.10147922 0.09083208 0.08733276 0.08620060 0.08513344 0.09431635 0.08675131 0.08733707 0.08721699 0.09347830 0.08716392 0.08523811 0.00026047 0.10177555 0.09691278 0.09531380 0.08908221 0.08717608 0.09507150 0.10655147 0.08478411 0.08440238 0.09899226 0.08725272 0.00050019 0.07836853 0.09614026 0.09567800 0.08019507 0.09925673 0.08929313 0.08897659 0.07640356 0.09720750 0.09814159 0.08719240 0.08731209 0.08386595 0.08442726 0.08456200 0.09092162 0.07681138 
STPY.0321.00006 0.09801774 0.10022749 0.10051710 0.10042638 0.09813112 0.00000000 0.10022285 0.06163033 0.10048646 0.09673404 0.09665682 0.10002687 0.09995881 0.09776470 0.10133035 0.09996789 0.10111093 0.09665682 0.10008449 0.09666904 0.09694049 0.09902437 0.09803716 0.09903502 0.10006310 0.10049682 0.09803326 0.10528708 0.10049633 0.09799680 0.10045959 0.10442834 0.10184890 0.10088826 0.10935725 0.10574887 0.10136332 0.10009982 0.09799486 0.10074083 0.09794017 0.09820210 0.09807233 0.09767588 0.09821497 0.09783920 0.09808360 0.10697089 0.09805692 0.10084374 0.09818332 0.09896435 0.09818450 0.09902990 0.10135885 0.09828903 0.09966068 0.09898170 0.10123148 0.11025045 0.09964832 0.09859989 0.10121820 0.09676453 0.09795706 0.10002570 0.10392009 0.09802331 0.09802747 0.09936154 0.09897186 0.09799836 0.09795985 0.09814291 0.09903136 0.09899371 0.09800831 0.09798641 0.09999575 0.09947023 0.10404514 0.10026019 0.10449486 0.09858041 0.10700011 0.11202419 0.10157833 0.10506938 0.10223814 0.09946144 0.09821623 0.10223372 0.10318849 0.10046839 0.10096093 0.10889780 0.10573336 0.10362963 0.10357365 0.10144674 0.10031896 0.10289730 0.10409118 0.10449177 0.10090272 0.10528591 0.10183169 0.09995637 0.10261905 0.10048298 0.10022342 0.09791223 0.09812932 0.09788356 0.10394913 0.10437807 0.09995415 0.09677686 0.09809400 0.09678520 0.09783716 0.10107324 0.09645804 0.09654750 0.09660799 0.09650633 0.09808380 0.05276099 0.05276719 0.05276678 0.10029359 0.09182930 0.08112054 0.09715946 0.10165263 0.10226803 0.08109555 0.09731588 0.09977177 0.09733610 0.10002717 0.10155621 0.09998320 0.10060131 0.09919697 0.10759959 0.10344923 0.10618584 0.09820485 0.08104682 0.10272375 0.09887901 0.08190150 0.09969128 0.09666543 0.09112487 0.10166693 0.00108721 0.09649702 0.09783746 0.10202955 0.09417921 0.10505004 0.09783558 0.09864265 0.10132221 0.09660946 0.09732505 0.07394602 0.10040493 0.10242731 0.10295646 0.06111548 0.09959457 0.09771545 0.08537982 0.10121982 0.06512211 0.10765492 0.10106270 0.09934648 0.09787546 0.10120314 0.10037683 0.10016031 0.10006351 0.09653050 0.09999181 0.10033201 0.09802033 0.06540134 0.06139825 0.05249244 0.10585571 0.10084465 0.05227257 0.07428133 0.10036395 0.09993803 0.06315900 0.10009830 0.09810407 0.10184080 0.09945817 0.09847564 0.10089752 0.11538379 0.10143842 0.10109220 0.09995994 0.06166579 0.06250617 0.10003662 0.10018804 0.10062589 0.09995535 0.10011799 0.10231573 0.09996170 
STPY.0321.00007 0.08907292 0.08168529 0.00064099 0.08931425 0.08471613 0.10022285 0.00000000 0.10027773 0.09293321 0.06695401 0.09547775 0.09418550 0.00054432 0.08869493 0.09168985 0.09411157 0.08561171 0.09547775 0.08441865 0.09548999 0.06715962 0.08614794 0.08462084 0.08613450 0.08914358 0.08937764 0.08461452 0.09794764 0.08958311 0.06343342 0.09112648 0.09116078 0.09701960 0.08987699 0.10208514 0.09137931 0.09802982 0.08919450 0.08458111 0.06253329 0.08458796 0.08874423 0.08464428 0.08855149 0.08474285 0.08891535 0.08468131 0.08623057 0.08464341 0.08946980 0.08476698 0.08608883 0.08476647 0.08613011 0.09802701 0.08489241 0.08069177 0.08608265 0.09790004 0.08171198 0.08067975 0.08544909 0.09788683 0.08216318 0.08454564 0.09418439 0.08006377 0.08460747 0.08463821 0.08643391 0.08607268 0.08462124 0.08457169 0.08472778 0.08613136 0.08610665 0.08459565 0.08456165 0.09422327 0.09294820 0.08008637 0.08486203 0.09942299 0.09408384 0.09445871 0.11074432 0.09366875 0.09769557 0.09707860 0.09530914 0.08177514 0.07067403 0.07270887 0.08424063 0.06545834 0.08584383 0.09751232 0.09997291 0.09643826 0.09047665 0.08936594 0.09573100 0.09044530 0.09768849 0.09143965 0.07669807 0.06949333 0.00048147 0.09072325 0.08936917 0.08936102 0.08898757 0.08920132 0.08896630 0.09482754 0.09491252 0.08904359 0.09559434 0.08496186 0.08618336 0.08893866 0.08557500 0.09527911 0.09536776 0.09542927 0.09532750 0.09809624 0.10012314 0.10012376 0.10012302 0.08937683 0.08742979 0.10854479 0.08497055 0.09590374 0.06534483 0.10851834 0.09103107 0.08512001 0.06419239 0.09073485 0.09568494 0.09302700 0.08921845 0.08079468 0.08924114 0.08845476 0.08317348 0.09850838 0.10846721 0.08636875 0.08140343 0.10936511 0.08405058 0.06687442 0.08753684 0.09774292 0.09971321 0.09532849 0.08847856 0.09653104 0.08983828 0.09759674 0.09478416 0.07988375 0.09059788 0.06390190 0.09060914 0.10931573 0.09106857 0.09768939 0.08735324 0.10644418 0.09383347 0.06804616 0.09267046 0.09301798 0.10528362 0.09428048 0.09540875 0.07268781 0.08890031 0.09781597 0.08932525 0.08926450 0.08914393 0.09535156 0.08908795 0.09056933 0.08460748 0.10555276 0.10003064 0.10002636 0.09847706 0.08976523 0.09969050 0.10959918 0.00057729 0.00050268 0.10217921 0.08917962 0.08468993 0.09590247 0.09649772 0.09762802 0.06268225 0.10661698 0.09329878 0.09289297 0.09423663 0.10031592 0.10129660 0.08911894 0.08883696 0.07448352 0.00046053 0.00051289 0.09474738 0.09410309 
STPY.0321.00008 0.09776736 0.09360386 0.10045414 0.09905325 0.09716964 0.06163033 0.10027773 0.00000000 0.10012905 0.09532599 0.09469186 0.09893211 0.09996437 0.09754650 0.10029800 0.09887263 0.10200658 0.09469186 0.09881572 0.09470408 0.09550819 0.09768436 0.09707560 0.09767512 0.09861395 0.09906652 0.09707174 0.10360608 0.09917778 0.09756732 0.09745083 0.10313419 0.10119798 0.09940559 0.10336369 0.10148306 0.09996507 0.09878167 0.09703323 0.09873876 0.09700925 0.09728052 0.09709813 0.09742563 0.09717315 0.09764438 0.09712208 0.10214292 0.09709542 0.10071514 0.09722183 0.09762429 0.09722290 0.09767007 0.09996129 0.09732696 0.09521057 0.09762187 0.09983389 0.10812845 0.09519827 0.09795649 0.09982062 0.09124128 0.09699554 0.09885696 0.10078982 0.09706177 0.09708490 0.09792703 0.09761200 0.09703680 0.09699830 0.09718144 0.09767151 0.09764630 0.09704679 0.09701319 0.09897026 0.09892378 0.09965437 0.09865684 0.10371116 0.09503870 0.10466314 0.11140467 0.09935161 0.10496339 0.09540721 0.09628858 0.09428323 0.10171022 0.09927862 0.10075584 0.10089210 0.10319217 0.10431375 0.09904707 0.10265252 0.10068343 0.09886538 0.09901800 0.10575952 0.10192260 0.09894307 0.10044837 0.10052342 0.09998615 0.10157953 0.09910971 0.09888824 0.09771743 0.09793456 0.09764523 0.10181201 0.10170711 0.09856215 0.09483028 0.09742747 0.09531342 0.09764234 0.10196869 0.09448401 0.09463170 0.09467965 0.09453230 0.10162100 0.06315528 0.06315568 0.06315520 0.09890104 0.09239512 0.08715190 0.09947113 0.10047522 0.10156190 0.08712654 0.09591807 0.09652323 0.09624556 0.09713946 0.10098262 0.09968783 0.10053632 0.09262007 0.10476056 0.09938142 0.10085617 0.10215687 0.08707716 0.10058424 0.09409493 0.08787787 0.09853306 0.09522746 0.09161752 0.10205085 0.06117207 0.09459163 0.09696878 0.09998542 0.09320681 0.10489282 0.10185223 0.09428816 0.09921962 0.09698487 0.09717928 0.07385214 0.09743334 0.10176680 0.10383375 0.05597681 0.09848302 0.09764610 0.08986520 0.09823676 0.06598787 0.10635250 0.09829764 0.09764141 0.09762447 0.09982208 0.09888107 0.09871115 0.09861435 0.09455623 0.09867369 0.09722442 0.09705881 0.06658445 0.00043995 0.06282116 0.10425916 0.09944461 0.06258229 0.07418135 0.10033783 0.09991103 0.00190673 0.09864927 0.09714260 0.10077143 0.10345203 0.09653748 0.09887201 0.11571336 0.09842196 0.09806434 0.09892243 0.00005234 0.00072371 0.09858771 0.09873697 0.09866837 0.09998513 0.10009965 0.09915281 0.09886600 
STPY.0321.00009 0.09544194 0.09002375 0.09321314 0.09205447 0.08695522 0.10048646 0.09293321 0.10012905 0.00000000 0.08544355 0.09979858 0.09227155 0.09265094 0.09465377 0.09210830 0.09208062 0.09324280 0.09979858 0.09152397 0.09981088 0.08563004 0.08763052 0.08686241 0.08770268 0.09195291 0.09211962 0.08687760 0.09721465 0.09247885 0.08406475 0.09262930 0.09274498 0.10329362 0.09280467 0.10540985 0.09989692 0.10249947 0.09208798 0.08680804 0.08622097 0.08674075 0.09474898 0.08688562 0.09458773 0.08703152 0.09526542 0.08690722 0.09360473 0.08688235 0.09441244 0.08698132 0.08757139 0.08698229 0.08769820 0.10249441 0.08713381 0.09184545 0.08765072 0.10236642 0.10039278 0.09183321 0.08774467 0.10235307 0.08903166 0.08678435 0.09227047 0.09292561 0.08684898 0.08679114 0.08800493 0.08764078 0.08684824 0.08678679 0.08694196 0.08767574 0.08766253 0.08683450 0.08680049 0.09225638 0.09573701 0.09366323 0.08919145 0.09672323 0.09593875 0.09711785 0.10809963 0.09354385 0.09759660 0.09931929 0.09834622 0.09172719 0.09045008 0.09270833 0.09103911 0.08911569 0.09842494 0.09524881 0.09941480 0.09733022 0.09257264 0.09218393 0.09488885 0.09528649 0.09805278 0.09589781 0.09437177 0.08886385 0.09264870 0.09226020 0.09210983 0.09220558 0.09533820 0.09555425 0.09532020 0.09505342 0.09511606 0.09193838 0.09988810 0.08720273 0.09464310 0.09526344 0.09320556 0.09962160 0.09967358 0.09977263 0.09965638 0.09715779 0.10049531 0.10049593 0.10049518 0.09227341 0.09351040 0.10836933 0.08774772 0.09972077 0.09025840 0.10834286 0.09044333 0.09662753 0.08555045 0.09218593 0.09957351 0.09797938 0.09418458 0.08903987 0.09585303 0.09411231 0.09130815 0.09843416 0.10829167 0.09335442 0.09005786 0.10919046 0.09112024 0.08533826 0.09346972 0.09261756 0.09996360 0.09966287 0.09446572 0.09929362 0.09436185 0.09748726 0.09993206 0.09009634 0.09321726 0.08705545 0.09093681 0.10502830 0.09257530 0.09979621 0.09626610 0.10374862 0.09183130 0.08892147 0.09864783 0.09390832 0.10162296 0.09701192 0.09406764 0.09065150 0.09530155 0.10233777 0.09200717 0.09216191 0.09195327 0.09969489 0.09198100 0.09255030 0.08682144 0.10170445 0.09988157 0.10026276 0.09764169 0.09243748 0.09992566 0.10537299 0.09303285 0.09265209 0.10197350 0.09207662 0.08692891 0.09382309 0.10176196 0.10201102 0.08637503 0.10728636 0.09422430 0.09380967 0.09223221 0.10016730 0.10099898 0.09201565 0.09215508 0.08867164 0.09264775 0.09280880 0.09877204 0.09204271 
STPY.0321.00010 0.08345325 0.06611689 0.06712732 0.08571028 0.08507554 0.09673404 0.06695401 0.09532599 0.08544355 0.00000000 0.09088474 0.09038514 0.06669604 0.08299396 0.09002646 0.09050587 0.08120952 0.09088474 0.08343516 0.09089690 0.00109155 0.08570754 0.08498259 0.08570572 0.08563135 0.08577156 0.08499748 0.09200869 0.08613683 0.05608417 0.08806010 0.09062349 0.09252253 0.08634470 0.09707954 0.08805434 0.09363217 0.08574978 0.08494019 0.05747531 0.08493470 0.08310480 0.08500388 0.08287517 0.08507860 0.08328563 0.08504063 0.08517795 0.08499135 0.08300340 0.08512653 0.08564834 0.08512607 0.08570134 0.09363154 0.08524046 0.06311356 0.08563005 0.09350565 0.08524011 0.06310188 0.08583574 0.09349258 0.06625736 0.08490458 0.09038407 0.07676348 0.08496918 0.08498509 0.08594182 0.08564382 0.08495667 0.08490698 0.08508721 0.08570260 0.08567785 0.08494346 0.08492065 0.09041098 0.08941013 0.07508368 0.08454034 0.09592912 0.08802055 0.09325993 0.10610303 0.08882339 0.09426069 0.09288829 0.09235831 0.07049811 0.06443455 0.06292241 0.08576188 0.06055126 0.08277233 0.09005212 0.09519810 0.09098628 0.08647636 0.08584323 0.09026209 0.08726899 0.09021656 0.08784548 0.07222438 0.06029396 0.06669452 0.08671814 0.08576480 0.08584893 0.08335740 0.08356923 0.08332144 0.08945241 0.08957591 0.08553405 0.09096639 0.08532213 0.07974874 0.08330885 0.08117304 0.09068923 0.09076835 0.09083821 0.09073731 0.09020981 0.09395305 0.09395364 0.09395294 0.08586587 0.08195405 0.10455294 0.07916213 0.09086296 0.06069195 0.10452662 0.08736683 0.08404315 0.04631060 0.08767369 0.09174641 0.08624189 0.08280484 0.06531318 0.08651448 0.08591744 0.07853059 0.09221044 0.10447567 0.08477536 0.06187220 0.10533121 0.08315305 0.00097757 0.08149049 0.09111511 0.09622769 0.09074853 0.08278165 0.09035730 0.08414565 0.09425285 0.09405922 0.06224720 0.08856760 0.04980968 0.08725053 0.10255356 0.08800773 0.09481549 0.08275088 0.10243628 0.08996654 0.06451365 0.08901705 0.08879938 0.09997341 0.08841110 0.09152219 0.06997193 0.08327370 0.09349393 0.08559565 0.08575229 0.08563169 0.09076067 0.08564344 0.08830096 0.08496660 0.09984927 0.09508050 0.09373034 0.09246928 0.08607230 0.09340385 0.10286766 0.06699331 0.06668448 0.09727016 0.08566772 0.08504925 0.09229794 0.09565309 0.09265711 0.05761202 0.09510280 0.08895457 0.08863675 0.09042291 0.09536388 0.09620820 0.08560725 0.08573731 0.05191997 0.06669380 0.06684767 0.09197691 0.09049599 
STPY.0321.00011 0.09874952 0.09710070 0.09579201 0.09702306 0.09361466 0.09665682 0.09547775 0.09469186 0.09979858 0.09088474 0.00000000 0.09619588 0.09524099 0.09814509 0.10207688 0.09609256 0.09452270 0.00000011 0.09618562 0.00001042 0.09105425 0.09318667 0.09352108 0.09317736 0.09715673 0.09709461 0.09345445 0.09949868 0.09759167 0.08750503 0.09317509 0.09837340 0.10316079 0.09796780 0.10882073 0.09932738 0.09878335 0.09720053 0.09347877 0.09232932 0.09347926 0.09778602 0.09355142 0.09810484 0.09365334 0.09858612 0.09359138 0.10040478 0.09352588 0.09630891 0.09366643 0.09312701 0.09366704 0.09317257 0.09878016 0.09378087 0.09791638 0.09310079 0.09865658 0.09883887 0.09790400 0.09442171 0.09864004 0.09541711 0.09344174 0.09619798 0.09785871 0.09350739 0.09353043 0.09347644 0.09311481 0.09350661 0.09344439 0.09362641 0.09315001 0.09314895 0.09349259 0.09345837 0.09619413 0.09790336 0.09636502 0.09526757 0.10451186 0.10086129 0.10211032 0.10896896 0.09591053 0.09937051 0.10201802 0.10236160 0.09548858 0.09555925 0.09659824 0.09532323 0.09538064 0.09831567 0.09959862 0.10208271 0.09886909 0.09666651 0.09741876 0.10056172 0.09841038 0.10127489 0.09417746 0.09784635 0.09488070 0.09521457 0.10411442 0.09708241 0.09732194 0.09865936 0.09887715 0.09863101 0.09980564 0.09932656 0.09705017 0.00059937 0.09386880 0.09903747 0.09860968 0.09448533 0.00023061 0.00065008 0.00035644 0.00029351 0.10005004 0.09501785 0.09501844 0.09501773 0.09739125 0.09033213 0.10669198 0.09749796 0.10081375 0.09302223 0.10666556 0.09520401 0.09998061 0.09084915 0.09274535 0.09553501 0.09899640 0.09612730 0.09612846 0.09831704 0.09746345 0.09876657 0.10148580 0.10661445 0.09640824 0.09636201 0.10751187 0.09578579 0.09080295 0.08990052 0.10374733 0.09616246 0.00102888 0.09747395 0.10014783 0.09122693 0.09917350 0.10371734 0.09923851 0.10134985 0.09278190 0.09573186 0.09397786 0.09308645 0.10163699 0.10091375 0.09857058 0.09580807 0.09649945 0.09949821 0.09969151 0.09198451 0.10619294 0.10012954 0.09226864 0.09860647 0.09862537 0.09698244 0.09725716 0.09715712 0.00028310 0.09708963 0.09091810 0.09350455 0.09225481 0.09444658 0.09470901 0.10011567 0.09741822 0.09446743 0.09426555 0.09560795 0.09521932 0.09645042 0.09719216 0.09358789 0.09794023 0.10543762 0.00164681 0.09249700 0.10777189 0.09996461 0.09959121 0.09615421 0.09472970 0.09550279 0.09713074 0.09728107 0.09646100 0.09521359 0.09537562 0.09962132 0.09606933 
STPY.0321.00012 0.08765821 0.09193678 0.09449364 0.09194977 0.07641623 0.10002687 0.09418550 0.09893211 0.09227155 0.09038514 0.09619588 0.00000000 0.09392602 0.08752654 0.08111417 0.00140458 0.09209296 0.09619911 0.08823806 0.09621132 0.09050761 0.07728092 0.07632220 0.07727137 0.08936074 0.09201784 0.07632562 0.09528440 0.08979958 0.08675783 0.08922394 0.08188362 0.09269093 0.09010799 0.09995480 0.09210374 0.08879918 0.08941430 0.07628230 0.08865136 0.07628471 0.08611410 0.07632521 0.08740743 0.07642767 0.08750200 0.07637034 0.09436805 0.07633247 0.09362878 0.07645467 0.07722254 0.07646458 0.07724407 0.08880093 0.07657053 0.09222497 0.07719725 0.08867953 0.09526285 0.09221273 0.07713655 0.08866369 0.08774598 0.07624835 0.00008375 0.09061678 0.07630915 0.07633409 0.07753924 0.07721064 0.07632256 0.07627385 0.07641630 0.07726860 0.07724430 0.07629748 0.07627575 0.00040843 0.08516843 0.09153912 0.08950405 0.09571838 0.09410889 0.08716823 0.10620893 0.08847219 0.09532409 0.09220754 0.09282204 0.09014991 0.09177843 0.09270685 0.08839345 0.09143612 0.09666986 0.09450212 0.09025455 0.08979873 0.08806440 0.08958630 0.08903962 0.09307944 0.09192069 0.08980686 0.09191151 0.09431687 0.09392375 0.07186259 0.09200810 0.08958091 0.08757394 0.08778672 0.08754017 0.09372466 0.09342407 0.08926070 0.09628955 0.07665366 0.08819024 0.08752524 0.09205582 0.09600066 0.09606150 0.09615048 0.09604892 0.08885642 0.09902751 0.09902812 0.09902739 0.08959663 0.09204316 0.10637583 0.07456731 0.09401465 0.09235976 0.10634950 0.01075302 0.09608186 0.09062395 0.08886366 0.09424515 0.09180528 0.09342638 0.09100164 0.09933408 0.09065014 0.09160177 0.08991294 0.10629854 0.08926338 0.09021379 0.10719318 0.08784932 0.09029983 0.09124176 0.09661791 0.09951754 0.09602305 0.08585197 0.08968015 0.09141463 0.09520489 0.09774454 0.09020788 0.08209878 0.09026277 0.09332410 0.10760365 0.08920633 0.09414516 0.09085177 0.10440826 0.00047160 0.09179169 0.08996389 0.09054372 0.10026428 0.09330419 0.09187465 0.08713700 0.08746208 0.08860020 0.09190555 0.08943662 0.08936109 0.09608853 0.08930487 0.08935150 0.07629770 0.10041416 0.09868550 0.09871257 0.09602456 0.09233748 0.09846160 0.10788712 0.09431180 0.09390248 0.10079836 0.08939672 0.07639060 0.00208882 0.09942633 0.09831368 0.08881794 0.09787821 0.09081949 0.09043359 0.00052377 0.09897020 0.09977807 0.08933609 0.08947429 0.09325864 0.09392279 0.09408404 0.09703257 0.00136294 
STPY.0321.00013 0.08880538 0.08135373 0.00049357 0.08898721 0.08440648 0.09995881 0.00054432 0.09996437 0.09265094 0.06669604 0.09524099 0.09392602 0.00000000 0.08842774 0.09138517 0.09385212 0.08528998 0.09524099 0.08413239 0.09525322 0.06690140 0.08583709 0.08431127 0.08582339 0.08881651 0.08905037 0.08430490 0.09763699 0.08925600 0.06316807 0.09083519 0.09083662 0.09676925 0.08954756 0.10181930 0.09107499 0.09775424 0.08886782 0.08427155 0.06229089 0.08427870 0.08845387 0.08433436 0.08828443 0.08443316 0.08864805 0.08437168 0.08590847 0.08433383 0.08921489 0.08445726 0.08577804 0.08445672 0.08581901 0.09775156 0.08458230 0.08038600 0.08577160 0.09762472 0.08141693 0.08037400 0.08513773 0.09761152 0.08185619 0.08423616 0.09392492 0.07975903 0.08429792 0.08432889 0.08612198 0.08576163 0.08431167 0.08426217 0.08441811 0.08582026 0.08579557 0.08428611 0.08425213 0.09396376 0.09264249 0.07979386 0.08455220 0.09911077 0.09377795 0.09419917 0.11042031 0.09334960 0.09743324 0.09679347 0.09500106 0.08148073 0.07040098 0.07244547 0.08393103 0.06516740 0.08556788 0.09721439 0.09966067 0.09612892 0.09019750 0.08903776 0.09542240 0.09016537 0.09742656 0.09115884 0.07639650 0.06922170 0.00033473 0.09045478 0.08904205 0.08903382 0.08872021 0.08893374 0.08869882 0.09455601 0.09461648 0.08871683 0.09535699 0.08465178 0.08589588 0.08867135 0.08525331 0.09504262 0.09513129 0.09519264 0.09509096 0.09779819 0.09985926 0.09985988 0.09985914 0.08904972 0.08714126 0.10822282 0.08469559 0.09564304 0.06505390 0.10819640 0.09077402 0.08484624 0.06390275 0.09044409 0.09540063 0.09273210 0.08896369 0.08046581 0.08890312 0.08815291 0.08288948 0.09820995 0.10814532 0.08608103 0.08110944 0.10906694 0.08376496 0.06661643 0.08724839 0.09743274 0.09944970 0.09509181 0.08818853 0.09629405 0.08954687 0.09734713 0.09451174 0.07957880 0.09029475 0.06361294 0.09030534 0.10901774 0.09077736 0.09737950 0.08706454 0.10617290 0.09357415 0.06775335 0.09243709 0.09269902 0.10501482 0.09403286 0.09507640 0.07243662 0.08863317 0.09754091 0.08899796 0.08893735 0.08881686 0.09511498 0.08876137 0.09027875 0.08429793 0.10528372 0.09971752 0.09976166 0.09816586 0.08943749 0.09942689 0.10930130 0.00043008 0.00031397 0.10186286 0.08885256 0.08438030 0.09563852 0.09622069 0.09738660 0.06243973 0.10636691 0.09297903 0.09257418 0.09397700 0.10000252 0.10098184 0.08879193 0.08850983 0.07418431 0.00033473 0.00047077 0.09447530 0.09384355 
STPY.0321.00014 0.00184076 0.08575797 0.08895916 0.08824945 0.08461651 0.09776470 0.08869493 0.09754650 0.09465377 0.08299396 0.09814509 0.08752654 0.08842774 0.00000000 0.08749530 0.08766731 0.09015156 0.09814509 0.08894180 0.09815739 0.08316106 0.08590738 0.08452118 0.08589795 0.08838462 0.08831228 0.08452043 0.09064337 0.08889025 0.08250477 0.09052776 0.09080947 0.09255073 0.08909246 0.09850152 0.09092983 0.08835669 0.08850155 0.08448143 0.08039097 0.08448294 0.00816593 0.08451272 0.00035722 0.08469139 0.00173451 0.08459343 0.09517309 0.08454377 0.09337132 0.08466737 0.08584821 0.08466685 0.08586983 0.08835867 0.08477457 0.08650201 0.08584610 0.08823408 0.09744713 0.08648984 0.08537325 0.08822118 0.08175798 0.08442222 0.08746060 0.09092170 0.08450781 0.08453324 0.08611017 0.08583613 0.08453335 0.08447202 0.08462816 0.08589482 0.08587010 0.08449599 0.08446197 0.08752610 0.08369059 0.09180810 0.08623438 0.09194100 0.08966699 0.08894829 0.10517938 0.08780614 0.09254577 0.08831681 0.08827638 0.08358853 0.08342704 0.08552585 0.08675391 0.08529128 0.09490909 0.09098982 0.09231371 0.09082028 0.08788900 0.08860467 0.08783413 0.09084862 0.09015796 0.08685683 0.08514401 0.08486154 0.08842563 0.08650289 0.08830430 0.08851796 0.00179767 0.00197681 0.00173544 0.09101340 0.09113446 0.08828516 0.09825595 0.08486226 0.02557308 0.00175555 0.09011446 0.09794450 0.09802057 0.09809543 0.09799309 0.08931958 0.09552951 0.09553010 0.09552939 0.08861824 0.09189114 0.10397740 0.08133494 0.07723792 0.08704725 0.10395117 0.08402100 0.09429827 0.07950819 0.09012858 0.09413096 0.03452319 0.09324858 0.08484892 0.09434866 0.09129252 0.09189144 0.09113030 0.10390039 0.09118080 0.08541755 0.10471308 0.08867628 0.08291076 0.09174048 0.09252211 0.09724397 0.09798303 0.00793383 0.09189567 0.09168489 0.09244239 0.08882030 0.08590992 0.08779329 0.08044118 0.09027189 0.10319551 0.09047551 0.08897068 0.09268412 0.10612588 0.08710767 0.08332015 0.09783531 0.08894963 0.10040105 0.09452011 0.09157822 0.08910803 0.00176711 0.08827284 0.08812296 0.08850560 0.08838497 0.09799248 0.08839493 0.09030649 0.08450782 0.10043021 0.09730024 0.09520858 0.09093480 0.08865172 0.09496549 0.10355657 0.08879646 0.08840288 0.09941847 0.08842075 0.08459030 0.08936767 0.09032636 0.10031226 0.08055645 0.10271052 0.08921239 0.08884222 0.08752466 0.09758453 0.09851638 0.08836008 0.08849411 0.08424700 0.08842470 0.08858492 0.09523411 0.08761906 
STPY.0321.00015 0.08768545 0.08177047 0.09195258 0.08411695 0.07765985 0.10133035 0.09168985 0.10029800 0.09210830 0.09002646 0.10207688 0.08111417 0.09138517 0.08749530 0.00000000 0.08117047 0.09183799 0.10207688 0.08829180 0.10208924 0.09018900 0.07800675 0.07756582 0.07800409 0.08434666 0.08417703 0.07758161 0.08366837 0.08478851 0.08770888 0.08605480 0.08273150 0.09456550 0.08505038 0.08927008 0.08293229 0.09493056 0.08440369 0.07752602 0.09012966 0.07752830 0.08643018 0.07758154 0.08743673 0.07772980 0.08753894 0.07760183 0.08653742 0.07758820 0.09419300 0.07768640 0.07794157 0.07770156 0.07797677 0.09492929 0.07780402 0.08256926 0.07792999 0.09480325 0.09867770 0.08255721 0.07836017 0.09479016 0.07909580 0.07749192 0.08105349 0.08703790 0.07755275 0.07757771 0.07827384 0.07793653 0.07755916 0.07751064 0.07767137 0.07800129 0.07797700 0.07754108 0.07750738 0.08110500 0.07588088 0.08886586 0.08415685 0.09031286 0.07914029 0.08150541 0.09493902 0.08218622 0.08883175 0.07965720 0.07863407 0.08298572 0.09137453 0.08409132 0.08396595 0.09143255 0.09459287 0.08110289 0.07781200 0.08253899 0.08339912 0.08456708 0.08087767 0.08540304 0.08452139 0.08107624 0.08405895 0.09386210 0.09140696 0.07936673 0.08417105 0.08451540 0.08761089 0.08782369 0.08758897 0.08299373 0.08348485 0.08425064 0.10220835 0.07789802 0.08619816 0.08753714 0.09180090 0.10187387 0.10196039 0.10202561 0.10192265 0.07564289 0.10225503 0.10225567 0.10225491 0.08458088 0.09948663 0.10615817 0.07927709 0.08437122 0.09409430 0.10613184 0.07807714 0.09072770 0.09172230 0.08565468 0.09563390 0.09266617 0.09392915 0.08086823 0.09376667 0.07894091 0.09077674 0.07612742 0.10608090 0.08964471 0.08116344 0.10689467 0.08790573 0.08995755 0.09942568 0.08856590 0.10080763 0.10190155 0.08614140 0.08619341 0.09770485 0.08869660 0.09293909 0.08122464 0.01776440 0.09179377 0.08715161 0.11002032 0.08599024 0.08355742 0.08534689 0.10238394 0.08075146 0.08846983 0.09281703 0.08286481 0.09917580 0.08257914 0.08235011 0.09553463 0.08758755 0.09477610 0.08407653 0.08446722 0.08434699 0.10192157 0.08429787 0.08583418 0.07755276 0.09932505 0.10005131 0.10205884 0.08343612 0.08451156 0.10182365 0.11037749 0.09178641 0.09140969 0.10213955 0.08438303 0.07763418 0.08271179 0.09456535 0.10430029 0.09029680 0.09686499 0.08314166 0.08278210 0.08110067 0.10033613 0.10118780 0.08432283 0.08443814 0.08510939 0.09140602 0.09154258 0.09154542 0.08112281 
STPY.0321.00016 0.08769362 0.09209722 0.09441946 0.09140371 0.07682639 0.09996789 0.09411157 0.09887263 0.09208062 0.09050587 0.09609256 0.00140458 0.09385212 0.08766731 0.08117047 0.00000000 0.09201803 0.09609579 0.08814019 0.09610801 0.09062840 0.07769176 0.07673230 0.07768222 0.08881861 0.09147143 0.07674794 0.09508025 0.08925788 0.08692449 0.08912315 0.08230868 0.09265927 0.08954817 0.09988103 0.09219629 0.08865821 0.08887286 0.07669240 0.08876178 0.07669478 0.08629170 0.07673575 0.08754816 0.07684999 0.08752328 0.07678048 0.09432011 0.07675471 0.09359315 0.07686487 0.07763334 0.07687484 0.07765487 0.08866003 0.07698117 0.09239392 0.07760802 0.08853862 0.09541201 0.09238167 0.07754853 0.08852279 0.08781680 0.07665838 0.00140460 0.09064165 0.07671924 0.07674420 0.07796332 0.07762143 0.07673266 0.07668391 0.07682647 0.07767942 0.07765510 0.07670755 0.07668582 0.00143607 0.08503762 0.09156412 0.08961152 0.09574513 0.09394912 0.08735921 0.10610320 0.08817186 0.09539469 0.09214799 0.09263932 0.09033164 0.09185149 0.09274703 0.08823634 0.09159313 0.09674405 0.09433409 0.09007409 0.08975171 0.08786954 0.08905566 0.08889404 0.09295760 0.09155622 0.08954149 0.09211658 0.09446251 0.09384986 0.07193325 0.09146196 0.08903878 0.08759523 0.08780803 0.08756146 0.09301017 0.09269388 0.08871897 0.09618603 0.07706423 0.08827095 0.08754652 0.09198088 0.09589735 0.09595825 0.09604719 0.09594562 0.08886638 0.09891999 0.09892061 0.09891987 0.08905468 0.09202037 0.10635440 0.07502361 0.09366545 0.09249332 0.10632806 0.01130940 0.09606634 0.09078291 0.08874589 0.09413588 0.09170481 0.09339073 0.09114611 0.09922519 0.09054362 0.09163815 0.08993431 0.10627711 0.08909286 0.09035781 0.10717183 0.08775425 0.09044458 0.09121890 0.09655982 0.09945855 0.09591969 0.08601564 0.08955920 0.09140398 0.09527539 0.09771778 0.09024723 0.08214368 0.09042142 0.09307393 0.10755495 0.08910282 0.09401377 0.09076139 0.10437329 0.00103809 0.09188857 0.08984425 0.09044450 0.10009479 0.09327964 0.09170384 0.08709266 0.08749740 0.08845938 0.09135909 0.08889450 0.08881896 0.09596971 0.08876349 0.08924805 0.07670778 0.10024464 0.09862602 0.09860292 0.09584464 0.09177586 0.09835412 0.10783850 0.09423770 0.09382854 0.10073875 0.08885463 0.07680074 0.00119735 0.09941565 0.09820946 0.08892843 0.09774387 0.09072001 0.09033439 0.00144709 0.09891073 0.09973478 0.08879404 0.08893145 0.09338002 0.09384889 0.09401015 0.09698541 0.00004190 
